2
33000
2183
10
2
0, 2, 3, 
1, 2, 3, 
0
1
18
3
18
0
27
2
38
4
52
1
56
3
66
0
104
3
104
1
113
2
150
1
150
0
168
3
200
1
200
0
218
3
238
2
250
3
250
1
268
0
306
3
306
1
315
2
350
0
350
1
368
3
400
1
400
0
418
3
438
2
450
1
450
3
468
0
506
1
506
3
515
2
550
1
550
0
568
3
600
0
600
1
618
3
638
2
650
3
650
1
668
0
706
1
706
3
715
2
750
1
750
0
768
3
800
0
800
1
818
3
838
2
850
1
850
3
859
0
900
1
900
3
909
2
924
0
950
1
962
3
990
0
1000
1
1018
3
1027
2
1028
4
1050
1
1050
3
1059
0
1100
1
1100
3
1109
2
1122
0
1150
1
1160
3
1188
0
1200
1
1218
3
1226
2
1250
3
1250
1
1259
0
1300
3
1300
1
1309
2
1320
0
1350
1
1358
3
1386
0
1400
1
1418
3
1424
2
1450
3
1450
1
1459
0
1500
3
1500
1
1509
2
1518
0
1550
1
1556
3
1584
0
1600
1
1618
3
1622
2
1650
1
1650
0
1668
3
1700
3
1700
1
1709
2
1718
0
1750
1
1756
3
1782
0
1800
1
1818
3
1820
2
1848
0
1850
1
1868
3
1900
3
1900
1
1909
2
1918
0
1950
1
1956
3
1980
0
2000
1
2018
3
2018
2
2027
4
2046
0
2050
1
2068
3
2100
3
2100
1
2109
2
2118
0
2150
1
2156
3
2178
0
2200
1
2216
3
2218
2
2244
0
2250
1
2268
3
2300
1
2300
3
2309
2
2318
0
2350
1
2356
3
2376
0
2400
1
2414
3
2418
2
2442
0
2450
1
2468
3
2500
3
2500
1
2509
0
2518
2
2550
3
2550
1
2574
0
2600
1
2612
3
2618
2
2640
0
2650
1
2668
3
2700
3
2700
1
2709
0
2718
2
2750
3
2750
1
2772
0
2800
1
2810
3
2818
2
2838
0
2850
1
2868
3
2900
1
2900
3
2909
0
2918
2
2950
1
2950
3
2970
0
3000
1
3008
3
3017
2
3018
4
3036
0
3050
1
3068
3
3100
1
3100
3
3109
0
3118
2
3150
1
3150
3
3168
0
3200
1
3206
3
3215
2
3234
0
3250
1
3268
3
3300
0
3300
1
3318
3
3327
2
3350
1
3350
3
3366
0
3400
1
3404
3
3413
2
3432
0
3450
1
3468
3
3498
0
3500
1
3518
3
3527
2
3550
3
3550
1
3564
0
3600
1
3602
3
3611
2
3630
0
3650
1
3668
3
3696
0
3700
1
3718
3
3727
2
3750
1
3750
3
3762
0
3800
3
3800
1
3809
2
3828
0
3850
1
3866
3
3894
0
3900
1
3918
3
3927
2
3950
3
3950
1
3960
0
4000
3
4000
1
4009
2
4018
4
4026
0
4050
1
4064
3
4092
0
4100
1
4118
3
4127
2
4150
3
4150
1
4159
0
4200
3
4200
1
4209
2
4224
0
4250
1
4262
3
4290
0
4300
1
4318
3
4327
2
4350
1
4350
3
4359
0
4400
1
4400
3
4409
2
4422
0
4450
1
4460
3
4488
0
4500
1
4518
3
4526
2
4550
3
4550
1
4559
0
4600
3
4600
1
4609
2
4620
0
4650
1
4658
3
4686
0
4700
1
4718
3
4724
2
4750
3
4750
1
4759
0
4800
1
4800
3
4809
2
4818
0
4850
1
4856
3
4884
0
4900
1
4918
3
4922
2
4950
1
4950
0
4968
3
5000
3
5000
1
5009
2
5018
0
5020
4
5050
1
5056
3
5082
0
5100
1
5118
3
5120
2
5148
0
5150
1
5168
3
5200
1
5200
3
5209
2
5218
0
5250
1
5256
3
5280
0
5300
1
5318
3
5318
2
5346
0
5350
1
5368
3
5400
1
5400
3
5409
2
5418
0
5450
1
5456
3
5478
0
5500
1
5516
3
5518
2
5544
0
5550
1
5568
3
5600
3
5600
1
5609
2
5618
0
5650
1
5656
3
5676
0
5700
1
5714
3
5718
2
5742
0
5750
1
5768
3
5800
1
5800
3
5809
0
5818
2
5850
1
5850
3
5874
0
5900
1
5912
3
5918
2
5940
0
5950
1
5968
3
6000
1
6000
3
6009
0
6018
2
6029
4
6050
1
6050
3
6072
0
6100
1
6110
3
6118
2
6138
0
6150
1
6168
3
6200
3
6200
1
6209
0
6218
2
6250
1
6250
3
6270
0
6300
1
6308
3
6317
2
6336
0
6350
1
6368
3
6400
1
6400
3
6409
0
6418
2
6450
1
6450
3
6468
0
6500
1
6506
3
6515
2
6534
0
6550
1
6568
3
6600
0
6600
1
6618
3
6627
2
6650
1
6650
3
6666
0
6700
1
6704
3
6713
2
6732
0
6750
1
6768
3
6798
0
6800
1
6818
3
6827
2
6850
3
6850
1
6864
0
6900
1
6902
3
6911
2
6930
0
6950
1
6968
3
6996
0
7000
1
7018
3
7027
2
7034
4
7050
1
7050
3
7062
0
7100
3
7100
1
7109
2
7128
0
7150
1
7166
3
7194
0
7200
1
7218
3
7227
2
7250
1
7250
3
7260
0
7300
3
7300
1
7309
2
7326
0
7350
1
7364
3
7392
0
7400
1
7418
3
7427
2
7450
1
7450
3
7459
0
7500
1
7500
3
7509
2
7524
0
7550
1
7562
3
7590
0
7600
1
7618
3
7627
2
7650
1
7650
3
7659
0
7700
1
7700
3
7709
2
7722
0
7750
1
7760
3
7788
0
7800
1
7818
3
7826
2
7850
1
7850
3
7859
0
7900
3
7900
1
7909
2
7920
0
7950
1
7958
3
7986
0
8000
1
8018
3
8024
2
8027
4
8050
3
8050
1
8059
0
8100
3
8100
1
8109
2
8118
0
8150
1
8156
3
8184
0
8200
1
8218
3
8222
2
8250
1
8250
0
8268
3
8300
1
8300
3
8309
2
8318
0
8350
1
8356
3
8382
0
8400
1
8418
3
8420
2
8448
0
8450
1
8468
3
8500
3
8500
1
8509
2
8518
0
8550
1
8556
3
8580
0
8600
1
8618
2
8618
3
8646
0
8650
1
8668
3
8700
1
8700
3
8709
2
8718
0
8750
1
8756
3
8778
0
8800
1
8816
3
8818
2
8844
0
8850
1
8868
3
8900
3
8900
1
8909
2
8918
0
8950
1
8956
3
8976
0
9000
1
9014
3
9018
2
9023
4
9042
0
9050
1
9068
3
9100
1
9100
3
9109
0
9118
2
9150
1
9150
3
9174
0
9200
1
9212
3
9218
2
9240
0
9250
1
9268
3
9300
3
9300
1
9309
0
9318
2
9350
1
9350
3
9372
0
9400
1
9410
3
9418
2
9438
0
9450
1
9468
3
9500
1
9500
3
9509
0
9518
2
9550
3
9550
1
9570
0
9600
1
9608
3
9617
2
9636
0
9650
1
9668
3
9700
3
9700
1
9709
0
9718
2
9750
3
9750
1
9768
0
9800
1
9806
3
9815
2
9834
0
9850
1
9868
3
9900
1
9900
0
9918
3
9927
2
9950
3
9950
1
9966
0
10000
1
10004
3
10013
2
10018
4
10032
0
10050
1
10068
3
10098
0
10100
1
10118
3
10127
2
10150
3
10150
1
10164
0
10200
1
10202
3
10211
2
10230
0
10250
1
10268
3
10296
0
10300
1
10318
3
10327
2
10350
1
10350
3
10362
0
10400
1
10400
3
10409
2
10428
0
10450
1
10466
3
10494
0
10500
1
10518
3
10527
2
10550
3
10550
1
10560
0
10600
3
10600
1
10609
2
10626
0
10650
1
10664
3
10692
0
10700
1
10718
3
10727
2
10750
3
10750
1
10759
0
10800
3
10800
1
10809
2
10824
0
10850
1
10862
3
10890
0
10900
1
10918
3
10927
2
10950
1
10950
3
10959
0
11000
1
11000
3
11009
2
11018
4
11022
0
11050
1
11060
3
11088
0
11100
1
11118
3
11126
2
11150
1
11150
3
11159
0
11200
3
11200
1
11209
2
11220
0
11250
1
11258
3
11286
0
11300
1
11318
3
11324
2
11350
3
11350
1
11359
0
11400
1
11400
3
11409
2
11418
0
11450
1
11456
3
11484
0
11500
1
11518
3
11522
2
11550
1
11550
0
11568
3
11600
1
11600
3
11609
2
11618
0
11650
1
11656
3
11682
0
11700
1
11718
3
11720
2
11748
0
11750
1
11768
3
11800
1
11800
3
11809
2
11818
0
11850
1
11856
3
11880
0
11900
1
11918
3
11918
2
11946
0
11950
1
11968
3
12000
1
12000
3
12009
2
12018
0
12020
4
12050
1
12056
3
12078
0
12100
1
12116
3
12118
2
12144
0
12150
1
12168
3
12200
1
12200
3
12209
2
12218
0
12250
1
12256
3
12276
0
12300
1
12314
3
12318
2
12342
0
12350
1
12368
3
12400
1
12400
3
12409
0
12418
2
12450
3
12450
1
12474
0
12500
1
12512
3
12518
2
12540
0
12550
1
12568
3
12600
1
12600
3
12609
0
12618
2
12650
3
12650
1
12672
0
12700
1
12710
3
12718
2
12738
0
12750
1
12768
3
12800
1
12800
3
12809
0
12818
2
12850
1
12850
3
12870
0
12900
1
12908
3
12917
2
12936
0
12950
1
12968
3
13000
3
13000
1
13009
0
13018
2
13029
4
13050
1
13050
3
13068
0
13100
1
13106
3
13115
2
13134
0
13150
1
13168
3
13200
1
13200
0
13218
3
13227
2
13250
1
13250
3
13266
0
13300
1
13304
3
13313
2
13332
0
13350
1
13368
3
13398
0
13400
1
13418
3
13427
2
13450
1
13450
3
13464
0
13500
1
13502
3
13511
2
13530
0
13550
1
13568
3
13596
0
13600
1
13618
3
13627
2
13650
3
13650
1
13662
0
13700
3
13700
1
13709
2
13728
0
13750
1
13766
3
13794
0
13800
1
13818
3
13827
2
13850
3
13850
1
13860
0
13900
1
13900
3
13909
2
13926
0
13950
1
13964
3
13992
0
14000
1
14018
3
14027
2
14030
4
14050
3
14050
1
14059
0
14100
3
14100
1
14109
2
14124
0
14150
1
14162
3
14190
0
14200
1
14218
3
14227
2
14250
1
14250
3
14259
0
14300
3
14300
1
14309
2
14322
0
14350
1
14360
3
14388
0
14400
1
14418
3
14426
2
14450
3
14450
1
14459
0
14500
3
14500
1
14509
2
14520
0
14550
1
14558
3
14586
0
14600
1
14618
3
14624
2
14650
1
14650
3
14659
0
14700
1
14700
3
14709
2
14718
0
14750
1
14756
3
14784
0
14800
1
14818
3
14822
2
14850
1
14850
0
14868
3
14900
3
14900
1
14909
2
14918
0
14950
1
14956
3
14982
0
15000
1
15018
3
15020
2
15027
4
15048
0
15050
1
15068
3
15100
1
15100
3
15109
2
15118
0
15150
1
15156
3
15180
0
15200
1
15218
2
15218
3
15246
0
15250
1
15268
3
15300
3
15300
1
15309
2
15318
0
15350
1
15356
3
15378
0
15400
1
15416
3
15418
2
15444
0
15450
1
15468
3
15500
1
15500
3
15509
2
15518
0
15550
1
15556
3
15576
0
15600
1
15614
3
15618
2
15642
0
15650
1
15668
3
15700
3
15700
1
15709
0
15718
2
15750
3
15750
1
15774
0
15800
1
15812
3
15818
2
15840
0
15850
1
15868
3
15900
3
15900
1
15909
0
15918
2
15950
1
15950
3
15972
0
16000
1
16010
3
16018
2
16019
4
16038
0
16050
1
16068
3
16100
1
16100
3
16109
0
16118
2
16150
1
16150
3
16170
0
16200
1
16208
3
16217
2
16236
0
16250
1
16268
3
16300
1
16300
3
16309
0
16318
2
16350
3
16350
1
16368
0
16400
1
16406
3
16415
2
16434
0
16450
1
16468
3
16500
1
16500
0
16518
3
16527
2
16550
3
16550
1
16566
0
16600
1
16604
3
16613
2
16632
0
16650
1
16668
3
16698
0
16700
1
16718
3
16727
2
16750
1
16750
3
16764
0
16800
1
16802
3
16811
2
16830
0
16850
1
16868
3
16896
0
16900
1
16918
3
16927
2
16950
1
16950
3
16962
0
17000
1
17000
3
17009
2
17018
4
17028
0
17050
1
17066
3
17094
0
17100
1
17118
3
17127
2
17150
3
17150
1
17160
0
17200
1
17200
3
17209
2
17226
0
17250
1
17264
3
17292
0
17300
1
17318
3
17327
2
17350
3
17350
1
17359
0
17400
3
17400
1
17409
2
17424
0
17450
1
17462
3
17490
0
17500
1
17518
3
17527
2
17550
3
17550
1
17559
0
17600
1
17600
3
17609
2
17622
0
17650
1
17660
3
17688
0
17700
1
17718
3
17726
2
17750
1
17750
3
17759
0
17800
3
17800
1
17809
2
17820
0
17850
1
17858
3
17886
0
17900
1
17918
3
17924
2
17950
1
17950
3
17959
0
18000
1
18000
3
18009
2
18018
0
18020
4
18050
1
18056
3
18084
0
18100
1
18118
3
18122
2
18150
1
18150
0
18168
3
18200
1
18200
3
18209
2
18218
0
18250
1
18256
3
18282
0
18300
1
18318
3
18320
2
18348
0
18350
1
18368
3
18400
1
18400
3
18409
2
18418
0
18450
1
18456
3
18480
0
18500
1
18518
2
18518
3
18546
0
18550
1
18568
3
18600
3
18600
1
18609
2
18618
0
18650
1
18656
3
18678
0
18700
1
18716
3
18718
2
18744
0
18750
1
18768
3
18800
3
18800
1
18809
2
18818
0
18850
1
18856
3
18876
0
18900
1
18914
3
18918
2
18942
0
18950
1
18968
3
19000
3
19000
1
19009
0
19018
2
19029
4
19050
3
19050
1
19074
0
19100
1
19112
3
19118
2
19140
0
19150
1
19168
3
19200
3
19200
1
19209
0
19218
2
19250
3
19250
1
19272
0
19300
1
19310
3
19318
2
19338
0
19350
1
19368
3
19400
3
19400
1
19409
0
19418
2
19450
3
19450
1
19470
0
19500
1
19508
3
19517
2
19536
0
19550
1
19568
3
19600
1
19600
3
19609
0
19618
2
19650
3
19650
1
19668
0
19700
1
19706
3
19715
2
19734
0
19750
1
19768
3
19800
0
19800
1
19818
3
19827
2
19850
1
19850
3
19866
0
19900
1
19904
3
19913
2
19932
0
19950
1
19968
3
19998
0
20000
1
20018
3
20027
2
20036
4
20050
3
20050
1
20064
0
20100
1
20102
3
20111
2
20130
0
20150
1
20168
3
20196
0
20200
1
20218
3
20227
2
20250
3
20250
1
20262
0
20300
3
20300
1
20309
2
20328
0
20350
1
20366
3
20394
0
20400
1
20418
3
20427
2
20450
3
20450
1
20460
0
20500
3
20500
1
20509
2
20526
0
20550
1
20564
3
20592
0
20600
1
20618
3
20627
2
20650
3
20650
1
20659
0
20700
1
20700
3
20709
2
20724
0
20750
1
20762
3
20790
0
20800
1
20818
3
20827
2
20850
3
20850
1
20859
0
20900
3
20900
1
20909
2
20922
0
20950
1
20960
3
20988
0
21000
1
21018
3
21026
2
21027
4
21050
3
21050
1
21059
0
21100
1
21100
3
21109
2
21120
0
21150
1
21158
3
21186
0
21200
1
21218
3
21224
2
21250
1
21250
3
21259
0
21300
1
21300
3
21309
2
21318
0
21350
1
21356
3
21384
0
21400
1
21418
3
21422
2
21450
0
21450
1
21468
3
21500
1
21500
3
21509
2
21518
0
21550
1
21556
3
21582
0
21600
1
21618
3
21620
2
21648
0
21650
1
21668
3
21700
3
21700
1
21709
2
21718
0
21750
1
21756
3
21780
0
21800
1
21818
3
21818
2
21846
0
21850
1
21868
3
21900
1
21900
3
21909
2
21918
0
21950
1
21956
3
21978
0
22000
1
22016
3
22018
2
22025
4
22044
0
22050
1
22068
3
22100
1
22100
3
22109
2
22118
0
22150
1
22156
3
22176
0
22200
1
22214
3
22218
2
22242
0
22250
1
22268
3
22300
3
22300
1
22309
0
22318
2
22350
1
22350
3
22374
0
22400
1
22412
3
22418
2
22440
0
22450
1
22468
3
22500
1
22500
3
22509
0
22518
2
22550
1
22550
3
22572
0
22600
1
22610
3
22618
2
22638
0
22650
1
22668
3
22700
1
22700
3
22709
0
22718
2
22750
3
22750
1
22770
0
22800
1
22808
3
22817
2
22836
0
22850
1
22868
3
22900
3
22900
1
22909
0
22918
2
22950
1
22950
3
22968
0
23000
1
23006
3
23015
2
23018
4
23034
0
23050
1
23068
3
23100
0
23100
1
23118
3
23127
2
23150
1
23150
3
23166
0
23200
1
23204
3
23213
2
23232
0
23250
1
23268
3
23298
0
23300
1
23318
3
23327
2
23350
3
23350
1
23364
0
23400
1
23402
3
23411
2
23430
0
23450
1
23468
3
23496
0
23500
1
23518
3
23527
2
23550
3
23550
1
23562
0
23600
1
23600
3
23609
2
23628
0
23650
1
23666
3
23694
0
23700
1
23718
3
23727
2
23750
1
23750
3
23760
0
23800
1
23800
3
23809
2
23826
0
23850
1
23864
3
23892
0
23900
1
23918
3
23927
2
23950
3
23950
1
23959
0
24000
3
24000
1
24009
2
24018
4
24024
0
24050
1
24062
3
24090
0
24100
1
24118
3
24127
2
24150
1
24150
3
24159
0
24200
1
24200
3
24209
2
24222
0
24250
1
24260
3
24288
0
24300
1
24318
3
24326
2
24350
1
24350
3
24359
0
24400
1
24400
3
24409
2
24420
0
24450
1
24458
3
24486
0
24500
1
24518
3
24524
2
24550
1
24550
3
24559
0
24600
3
24600
1
24609
2
24618
0
24650
1
24656
3
24684
0
24700
1
24718
3
24722
2
24750
1
24750
0
24768
3
24800
3
24800
1
24809
2
24818
0
24850
1
24856
3
24882
0
24900
1
24918
3
24920
2
24948
0
24950
1
24968
3
25000
1
25000
3
25009
2
25018
0
25020
4
25050
1
25056
3
25080
0
25100
1
25118
3
25118
2
25146
0
25150
1
25168
3
25200
3
25200
1
25209
2
25218
0
25250
1
25256
3
25278
0
25300
1
25316
3
25318
2
25344
0
25350
1
25368
3
25400
1
25400
3
25409
2
25418
0
25450
1
25456
3
25476
0
25500
1
25514
3
25518
2
25542
0
25550
1
25568
3
25600
3
25600
1
25609
0
25618
2
25650
1
25650
3
25674
0
25700
1
25712
3
25718
2
25740
0
25750
1
25768
3
25800
1
25800
3
25809
0
25818
2
25850
3
25850
1
25872
0
25900
1
25910
3
25918
2
25938
0
25950
1
25968
3
26000
3
26000
1
26009
0
26018
2
26029
4
26050
3
26050
1
26070
0
26100
1
26108
3
26117
2
26136
0
26150
1
26168
3
26200
3
26200
1
26209
0
26218
2
26250
3
26250
1
26268
0
26300
1
26306
3
26315
2
26334
0
26350
1
26368
3
26400
0
26400
1
26418
3
26427
2
26450
3
26450
1
26466
0
26500
1
26504
3
26513
2
26532
0
26550
1
26568
3
26598
0
26600
1
26618
3
26627
2
26650
3
26650
1
26664
0
26700
1
26702
3
26711
2
26730
0
26750
1
26768
3
26796
0
26800
1
26818
3
26827
2
26850
1
26850
3
26862
0
26900
3
26900
1
26909
2
26928
0
26950
1
26966
3
26994
0
27000
1
27018
3
27027
2
27032
4
27050
3
27050
1
27060
0
27100
1
27100
3
27109
2
27126
0
27150
1
27164
3
27192
0
27200
1
27218
3
27227
2
27250
1
27250
3
27259
0
27300
1
27300
3
27309
2
27324
0
27350
1
27362
3
27390
0
27400
1
27418
3
27427
2
27450
1
27450
3
27459
0
27500
1
27500
3
27509
2
27522
0
27550
1
27560
3
27588
0
27600
1
27618
3
27626
2
27650
1
27650
3
27659
0
27700
1
27700
3
27709
2
27720
0
27750
1
27758
3
27786
0
27800
1
27818
3
27824
2
27850
3
27850
1
27859
0
27900
3
27900
1
27909
2
27918
0
27950
1
27956
3
27984
0
28000
1
28018
3
28022
2
28027
4
28050
1
28050
0
28068
3
28100
1
28100
3
28109
2
28118
0
28150
1
28156
3
28182
0
28200
1
28218
3
28220
2
28248
0
28250
1
28268
3
28300
3
28300
1
28309
2
28318
0
28350
1
28356
3
28380
0
28400
1
28418
3
28418
2
28446
0
28450
1
28468
3
28500
3
28500
1
28509
2
28518
0
28550
1
28556
3
28578
0
28600
1
28616
3
28618
2
28644
0
28650
1
28668
3
28700
3
28700
1
28709
2
28718
0
28750
1
28756
3
28776
0
28800
1
28814
3
28818
2
28842
0
28850
1
28868
3
28900
3
28900
1
28909
0
28918
2
28950
1
28950
3
28974
0
29000
1
29012
3
29018
2
29021
4
29040
0
29050
1
29068
3
29100
3
29100
1
29109
0
29118
2
29150
3
29150
1
29172
0
29200
1
29210
3
29218
2
29238
0
29250
1
29268
3
29300
1
29300
3
29309
0
29318
2
29350
1
29350
3
29370
0
29400
1
29408
3
29417
2
29436
0
29450
1
29468
3
29500
3
29500
1
29509
0
29518
2
29550
3
29550
1
29568
0
29600
1
29606
3
29615
2
29634
0
29650
1
29668
3
29700
1
29700
0
29718
3
29727
2
29750
1
29750
3
29766
0
29800
1
29804
3
29813
2
29832
0
29850
1
29868
3
29898
0
29900
1
29918
3
29927
2
29950
1
29950
3
29964
0
30000
1
30002
3
30011
2
30018
4
30030
0
30050
1
30068
3
30096
0
30100
1
30118
3
30127
2
30150
1
30150
3
30162
0
30200
3
30200
1
30209
2
30228
0
30250
1
30266
3
30294
0
30300
1
30318
3
30327
2
30350
1
30350
3
30360
0
30400
1
30400
3
30409
2
30426
0
30450
1
30464
3
30492
0
30500
1
30518
3
30527
2
30550
3
30550
1
30559
0
30600
3
30600
1
30609
2
30624
0
30650
1
30662
3
30690
0
30700
1
30718
3
30727
2
30750
1
30750
3
30759
0
30800
1
30800
3
30809
2
30822
0
30850
1
30860
3
30888
0
30900
1
30918
3
30926
2
30950
3
30950
1
30959
0
31000
3
31000
1
31009
2
31018
4
31020
0
31050
1
31058
3
31086
0
31100
1
31118
3
31124
2
31150
1
31150
3
31159
0
31200
1
31200
3
31209
2
31218
0
31250
1
31256
3
31284
0
31300
1
31318
3
31322
2
31350
1
31350
0
31368
3
31400
3
31400
1
31409
2
31418
0
31450
1
31456
3
31482
0
31500
1
31518
3
31520
2
31548
0
31550
1
31568
3
31600
3
31600
1
31609
2
31618
0
31650
1
31656
3
31680
0
31700
1
31718
2
31718
3
31746
0
31750
1
31768
3
31800
1
31800
3
31809
2
31818
0
31850
1
31856
3
31878
0
31900
1
31916
3
31918
2
31944
0
31950
1
31968
3
32000
1
32000
3
32009
2
32018
0
32020
4
32050
1
32056
3
32076
0
32100
1
32114
3
32118
2
32142
0
32150
1
32168
3
32200
1
32200
3
32209
0
32218
2
32250
1
32250
3
32274
0
32300
1
32312
3
32318
2
32340
0
32350
1
32368
3
32400
1
32400
3
32409
0
32418
2
32450
3
32450
1
32472
0
32500
1
32510
3
32518
2
32538
0
32550
1
32568
3
32600
3
32600
1
32609
0
32618
2
32650
1
32650
3
32670
0
32700
1
32708
3
32717
2
32736
0
32750
1
32768
3
32800
1
32800
3
32809
0
32818
2
32850
1
32850
3
32868
0
32900
1
32906
3
32915
2
32934
0
32950
1
32968
3
