2
6700
502
10
2
0, 2, 3, 
1, 2, 3, 
0
1
0
0
23
3
35
2
36
4
50
3
67
0
77
1
100
1
102
3
123
2
139
4
153
0
177
1
188
3
200
3
208
1
231
4
233
0
245
2
268
3
277
1
280
0
315
3
316
1
339
2
351
0
363
4
377
1
386
3
400
3
406
1
429
4
431
0
443
2
466
3
477
1
478
0
513
3
514
1
537
2
549
0
563
4
577
1
584
3
600
3
604
1
627
4
629
0
641
2
664
3
676
0
677
1
711
3
712
1
735
2
747
0
763
4
777
1
782
3
800
3
802
1
825
4
827
0
839
2
862
3
874
0
877
1
909
3
910
1
933
2
945
0
963
4
977
1
980
3
1000
3
1000
1
1023
4
1025
0
1037
2
1060
3
1072
0
1077
1
1100
1
1107
3
1141
4
1155
1
1159
2
1171
0
1178
3
1200
3
1217.47
1
1224.93
0
1240.47
4
1254.47
2
1266.47
3
1266.47
1
1289.47
0
1300
1
1324.47
3
1342.93
2
1348.4
4
1354.93
1
1362.4
0
1377.93
3
1400
3
1417.4
1
1431.4
0
1440.4
4
1454.4
2
1466.4
3
1466.4
1
1489.4
0
1500
1
1524.4
3
1542.87
2
1548.33
4
1554.87
1
1562.33
0
1577.87
3
1600
3
1617.33
1
1631.33
0
1640.33
4
1654.33
2
1666.33
3
1666.33
1
1689.33
0
1700
1
1724.33
3
1742.8
2
1748.27
4
1754.8
1
1762.27
0
1777.8
3
1800
3
1817.27
1
1824.73
0
1840.27
4
1854.27
2
1866.27
1
1866.27
3
1889.27
0
1900
1
1924.27
3
1936.27
2
1940.73
4
1954.73
1
1962.2
0
1977.73
3
2000
3
2017.2
1
2031.2
0
2040.2
4
2054.2
2
2066.2
3
2066.2
1
2089.2
0
2100
1
2124.2
3
2136.2
2
2140.67
4
2154.67
1
2162.13
0
2177.67
3
2200
3
2217.13
1
2231.13
0
2240.13
4
2254.13
2
2266.13
1
2266.13
3
2289.13
0
2300
1
2324.13
3
2336.13
2
2340.6
4
2354.6
1
2362.07
0
2377.6
3
2400
3
2417.07
1
2431.07
0
2440.07
4
2454.07
2
2466.07
1
2466.07
3
2489.07
0
2500
1
2524.07
3
2536.07
2
2540.53
4
2553
0
2554.53
1
2577.53
3
2600
3
2608
1
2617
4
2631
2
2631
0
2666
3
2677
1
2680
0
2700
1
2715
3
2727
2
2741.53
4
2754
0
2755.53
1
2778.53
3
2800
3
2809
1
2818
4
2832
2
2832
0
2867
3
2877
1
2881
0
2900
1
2916
3
2928
2
2942.53
4
2955
0
2956.53
1
2979.53
3
3000
3
3010
1
3019
4
3033
2
3033
0
3068
3
3077
1
3082
0
3100
1
3117
3
3129
2
3149
4
3156
0
3163
1
3186
3
3200
3
3211
1
3220
4
3234
0
3234
2
3271
3
3277
1
3283
0
3300
1
3318
3
3330
2
3350
4
3357
0
3364
1
3387
3
3400
3
3412
1
3421
4
3435
2
3435
0
3472
3
3477
1
3484
0
3500
1
3519
3
3531
2
3536
4
3550
3
3562
0
3577
1
3600
3
3613
1
3622
4
3636
0
3636
2
3671
3
3677
1
3685
0
3700
1
3720
3
3732
2
3736
4
3750
3
3762
0
3777
1
3800
3
3814
1
3823
4
3837
2
3837
0
3872
3
3877
1
3886
0
3900
1
3921
3
3933
2
3936
4
3950
3
3962
0
3977
1
4000
3
4015
1
4024
4
4038
0
4038
2
4073
3
4077
1
4087
0
4100
1
4122
3
4134
2
4136
4
4150
3
4162
0
4177
1
4200
3
4219
1
4228
4
4242
2
4242
0
4277
1
4277
3
4289
0
4300
1
4324
3
4336
4
4336
2
4350
3
4362
0
4377
1
4400
3
4416
1
4425
4
4439
0
4439
2
4474
3
4477
1
4489
0
4500
1
4523
3
4538
2
4550
3
4562
0
4563
4
4577
1
4600
3
4616
1
4625
4
4639
2
4639
0
4674
3
4677
1
4690
0
4700
1
4723
3
4738
2
4750
3
4762
0
4763
4
4777
1
4800
3
4812
4
4816
1
4826
0
4839
2
4851
1
4861
3
4891
0
4900
1
4923
3
4938
2
4950
3
4962
0
4963
4
4977
1
5000
3
5012
4
5016
1
5026
0
5039
2
5051
1
5061
3
5092
0
5100
1
5123
3
5138
2
5150
3
5162
0
5163
4
5177
1
5200
3
5212
4
5216
1
5226
0
5239
2
5251
1
5261
3
5293
0
5300
1
5323
3
5338
2
5350
3
5362
0
5363
4
5377
1
5400
3
5413
4
5416
1
5427
0
5439
2
5451
1
5462
3
5494
0
5500
1
5523
3
5538
2
5550
3
5562
0
5563
4
5577
1
5600
3
5614
4
5617
1
5628
0
5640
2
5652
1
5663
3
5695
0
5701
1
5724
3
5738
2
5750
3
5762
0
5763
4
5777
1
5800
3
5815
4
5816
1
5829
0
5839
2
5851
1
5864
3
5896
0
5900
1
5923
3
5938
2
5950
3
5963
4
5963
0
5977
1
6000
3
6016
4
6016
1
6030
0
6039
2
6051
1
6065
3
6097
0
6100
1
6123
3
6138
2
6150
3
6163
4
6164
0
6177
1
6200
3
6216
1
6217
4
6231
0
6239
2
6251
1
6266
3
6298
0
6300
1
6323
3
6338
2
6350
3
6363
4
6365
0
6377
1
6400
3
6416
1
6418
4
6432
0
6439
2
6451
1
6467
3
6499
0
6500
1
6523
3
6538
2
6550
3
6563
4
6566
0
6577
1
6601
3
6616
1
6619
4
6633
0
6639
2
6668
3
6677
1
