2
33000
2183
10
2
0, 2, 3, 
1, 2, 3, 
0
1
18
3
26
0
27
2
64
4
78
3
82
1
87
0
125
3
132
1
149
2
150
1
160
0
168
3
200
1
218
3
226
0
227
2
250
3
264
0
282
1
300
1
302
3
317.999
2
330
0
368
3
382
1
400
1
418
3
424
0
427
2
450
3
462
0
482
1
500
1
500
3
517.999
2
528
0
566
3
582
1
600
1
618
3
622
0
627
2
650
3
660
0
682
1
700
3
700
1
717.999
2
726
0
764
3
782
1
800
1
818
3
820
0
827
2
850
3
859
0
882
1
900
1
900
3
917.999
2
924
0
962
3
982
1
1000
1
1018
0
1018
3
1027
2
1050
3
1059
0
1068
4
1082
1
1100
3
1104
1
1109
2
1122
0
1160
3
1182
1
1188
0
1200
1
1218
3
1226
2
1250
3
1259
0
1282
1
1300
3
1302
1
1309
2
1320
0
1358
3
1382
1
1386
0
1400
1
1418
3
1424
2
1450
3
1459
0
1482
1
1500
3
1509
2
1521.5
1
1539.5
0
1577.5
3
1582
1
1586.5
0
1600
1
1618
3
1624.5
2
1650
0
1660.5
1
1678.5
3
1700
3
1721.5
1
1739.5
2
1739.5
0
1777.5
3
1782
1
1786.5
0
1800
1
1818
3
1824.5
2
1848
0
1860.5
1
1878.5
3
1900
3
1924
1
1942
2
1942
0
1980
3
1982
1
1989
0
2000
1
2018
3
2027
2
2046
0
2049
4
2063
1
2081
3
2100
3
2117.5
1
2135.5
2
2135.5
0
2173.5
3
2182
1
2182.5
0
2200
1
2220.5
3
2244
0
2245.5
2
2256.5
1
2274.5
3
2300
3
2311
1
2329
2
2329
0
2367
3
2376
0
2382
1
2400
1
2414
3
2439
2
2442
0
2450
1
2468
3
2500
3
2500
1
2518
2
2526
0
2550
1
2564
3
2574
0
2600
1
2612
3
2639
2
2640
0
2650
1
2668
3
2700
1
2700
3
2718
2
2726
0
2754
1
2764
3
2772
0
2800
1
2810
3
2838
0
2839
2
2850
1
2868
3
2900
1
2900
3
2918
2
2926
0
2952
1
2964
3
2970
0
3007
1
3008
3
3017
2
3036
4
3040.5
0
3050
1
3068
3
3100
3
3100
1
3118
2
3126
0
3160.5
1
3164
3
3178.5
0
3216.5
3
3232
1
3250
2
3250
1
3262
0
3268
3
3300
1
3318
3
3327
2
3328
0
3350
3
3366
0
3382
1
3404
3
3413
2
3432
1
3450
1
3460
0
3468
3
3500
1
3518
3
3526
0
3527
2
3550
3
3564
0
3582
1
3600
1
3602
3
3618
2
3630
0
3668
3
3682
1
3700
1
3718
3
3724
0
3727
2
3750
3
3762
0
3782
1
3800
1
3800
3
3818
2
3828
0
3866
3
3882
1
3900
1
3918
3
3922
0
3927
2
3950
3
3960
0
3982
1
4000
3
4015
2
4026
0
4032
1
4064
3
4068
4
4082
1
4100
1
4118
3
4120
0
4127
2
4150
3
4159
0
4182
1
4200
1
4200
3
4218
2
4224
0
4262
3
4282
1
4300
1
4318
3
4318
0
4327
2
4350
3
4359
0
4382
1
4400
3
4404
1
4409
2
4422
0
4460
3
4482
1
4488
0
4500
1
4518
3
4526
2
4550
3
4559
0
4582
1
4600
3
4602
1
4609
2
4620
0
4658
3
4682
1
4686
0
4700
1
4718
3
4724
2
4750
3
4759
0
4782
1
4800
3
4809
2
4821.5
1
4839.5
0
4877.5
3
4882
1
4886.5
0
4900
1
4918
3
4924.5
2
4950
0
4960.5
1
4978.5
3
5000
3
5021.5
1
5039.5
2
5039.5
0
5068
4
5077.5
3
5082
1
5086.5
0
5100
1
5118
3
5124.5
2
5148
0
5160.5
1
5178.5
3
5200
3
5224
1
5242
2
5242
0
5280
3
5282
1
5289
0
5300
1
5318
3
5327
2
5346
0
5363
1
5381
3
5400
3
5417.5
1
5435.5
2
5435.5
0
5473.5
3
5482
1
5482.5
0
5500
1
5520.5
3
5544
0
5545.5
2
5556.5
1
5574.5
3
5600
3
5611
1
5629
2
5629
0
5667
3
5676
0
5682
1
5700
1
5714
3
5739
2
5742
0
5750
1
5768
3
5800
1
5800
3
5818
2
5826
0
5850
1
5864
3
5874
0
5900
1
5912
3
5939
2
5940
0
5950
1
5968
3
6000
1
6000
3
6018
2
6026
0
6040
4
6054
1
6064
3
6072
0
6100
1
6110
3
6138
0
6139
2
6150
1
6168
3
6200
3
6200
1
6218
2
6226
0
6252
1
6264
3
6270
0
6308
3
6317
2
6332
1
6340.5
0
6350
1
6368
3
6400
1
6400
3
6418
2
6426
0
6460.5
1
6464
3
6478.5
0
6516.5
3
6532
1
6550
2
6550
1
6562
0
6568
3
6600
1
6618
3
6627
2
6628
0
6650
3
6666
0
6682
1
6704
3
6713
2
6732
1
6750
1
6760
0
6768
3
6800
1
6818
3
6826
0
6827
2
6850
3
6864
0
6882
1
6900
1
6902
3
6918
2
6930
0
6968
3
6982
1
7000
1
7018
3
7024
0
7027
2
7050
3
7062
0
7068
4
7082
1
7100
3
7100
1
7118
2
7128
0
7166
3
7182
1
7200
1
7218
3
7222
0
7227
2
7250
3
7260
0
7282
1
7300
3
7300
1
7318
2
7326
0
7364
3
7382
1
7400
1
7418
3
7420
0
7427
2
7450
3
7459
0
7482
1
7500
3
7500
1
7518
2
7524
0
7562
3
7582
1
7600
1
7618
0
7618
3
7627
2
7650
3
7659
0
7682
1
7700
3
7704
1
7709
2
7722
0
7760
3
7782
1
7788
0
7800
1
7818
3
7826
2
7850
3
7859
0
7882
1
7900
3
7902
1
7909
2
7920
0
7958
3
7982
1
7986
0
8000
1
8018
3
8024
2
8036
4
8050
3
8059
0
8082
1
8100
3
8109
2
8121.5
1
8139.5
0
8177.5
3
8182
1
8186.5
0
8200
1
8218
3
8224.5
2
8250
0
8260.5
1
8278.5
3
8300
3
8321.5
1
8339.5
2
8339.5
0
8377.5
3
8382
1
8386.5
0
8400
1
8418
3
8424.5
2
8448
0
8460.5
1
8478.5
3
8500
3
8524
1
8542
2
8542
0
8580
3
8582
1
8589
0
8600
1
8618
3
8627
2
8646
0
8663
1
8681
3
8700
3
8717.5
1
8735.5
2
8735.5
0
8773.5
3
8782
1
8782.5
0
8800
1
8820.5
3
8844
0
8845.5
2
8856.5
1
8874.5
3
8900
3
8911
1
8929
2
8929
0
8967
3
8976
0
8982
1
9000
1
9014
3
9028
4
9039
2
9042
0
9050
1
9068
3
9100
3
9100
1
9118
2
9126
0
9150
1
9164
3
9174
0
9200
1
9212
3
9239
2
9240
0
9250
1
9268
3
9300
3
9300
1
9318
2
9326
0
9354
1
9364
3
9372
0
9400
1
9410
3
9438
0
9439
2
9450
1
9468
3
9500
1
9500
3
9518
2
9526
0
9552
1
9564
3
9570
0
9608
3
9617
2
9632
1
9640.5
0
9650
1
9668
3
9700
3
9700
1
9718
2
9726
0
9760.5
1
9764
3
9778.5
0
9816.5
3
9832
1
9850
2
9850
1
9862
0
9868
3
9900
1
9918
3
9927
2
9928
0
9950
3
9966
0
9982
1
10004
3
10013
2
10028
1
10046
4
10050
1
10060
0
10068
3
10100
1
10118
3
10126
0
10127
2
10150
3
10164
0
10182
1
10200
1
10202
3
10218
2
10230
0
10268
3
10282
1
10300
1
10318
3
10324
0
10327
2
10350
3
10362
0
10382
1
10400
3
10400
1
10418
2
10428
0
10466
3
10482
1
10500
1
10518
3
10522
0
10527
2
10550
3
10560
0
10582
1
10600
3
10600
1
10618
2
10626
0
10664
3
10682
1
10700
1
10718
3
10720
0
10727
2
10750
3
10759
0
10782
1
10800
1
10800
3
10818
2
10824
0
10862
3
10882
1
10900
1
10918
3
10918
0
10927
2
10950
3
10959
0
10982
1
11000
1
11000
3
11009
2
11022
0
11036
4
11050
1
11060
3
11088
0
11100
1
11118
3
11126
2
11150
3
11159
0
11182
1
11200
3
11202
1
11209
2
11220
0
11258
3
11282
1
11286
0
11300
1
11318
3
11324
2
11350
3
11359
0
11382
1
11400
3
11409
2
11421.5
1
11439.5
0
11477.5
3
11482
1
11486.5
0
11500
1
11518
3
11524.5
2
11550
0
11560.5
1
11578.5
3
11600
3
11621.5
1
11639.5
2
11639.5
0
11677.5
3
11682
1
11686.5
0
11700
1
11718
3
11724.5
2
11748
0
11760.5
1
11778.5
3
11800
3
11824
1
11842
2
11842
0
11880
3
11882
1
11889
0
11900
1
11918
3
11927
2
11946
0
11963
1
11981
3
12000
3
12017.5
1
12035.5
2
12035.5
0
12068
4
12073.5
3
12082
1
12082.5
0
12100
1
12120.5
3
12144
0
12145.5
2
12156.5
1
12174.5
3
12200
3
12211
1
12229
2
12229
0
12267
3
12276
0
12282
1
12300
1
12314
3
12339
2
12342
0
12350
1
12368
3
12400
1
12400
3
12418
2
12426
0
12450
1
12464
3
12474
0
12500
1
12512
3
12539
2
12540
0
12550
1
12568
3
12600
3
12600
1
12618
2
12626
0
12654
1
12664
3
12672
0
12700
1
12710
3
12738
0
12739
2
12750
1
12768
3
12800
3
12800
1
12818
2
12826
0
12852
1
12864
3
12870
0
12908
3
12917
2
12932
1
12940.5
0
12950
1
12968
3
13000
3
13000
1
13018
2
13026
0
13046.5
4
13060.5
1
13064
3
13078.5
0
13116.5
3
13132
1
13150
2
13150
1
13162
0
13168
3
13200
1
13218
3
13227
2
13228
0
13250
3
13266
0
13282
1
13304
3
13313
2
13332
1
13350
1
13360
0
13368
3
13400
1
13418
3
13426
0
13427
2
13450
3
13464
0
13482
1
13500
1
13502
3
13518
2
13530
0
13568
3
13582
1
13600
1
13618
3
13624
0
13627
2
13650
3
13662
0
13682
1
13700
3
13700
1
13718
2
13728
0
13766
3
13782
1
13800
1
13818
3
13822
0
13827
2
13850
3
13860
0
13882
1
13900
1
13900
3
13918
2
13926
0
13964
3
13982
1
14000
1
14018
3
14020
0
14027
2
14050
3
14059
0
14068
4
14082
1
14100
3
14100
1
14118
2
14124
0
14162
3
14182
1
14200
1
14218
3
14218
0
14227
2
14250
3
14259
0
14282
1
14300
3
14304
1
14309
2
14322
0
14360
3
14382
1
14388
0
14400
1
14418
3
14426
2
14450
3
14459
0
14482
1
14500
3
14502
1
14509
2
14520
0
14558
3
14582
1
14586
0
14600
1
14618
3
14624
2
14650
3
14659
0
14682
1
14700
3
14709
2
14721.5
1
14739.5
0
14777.5
3
14782
1
14786.5
0
14800
1
14818
3
14824.5
2
14850
0
14860.5
1
14878.5
3
14900
3
14921.5
1
14939.5
2
14939.5
0
14977.5
3
14982
1
14986.5
0
15000
1
15018
3
15024.5
2
15046.5
4
15048
0
15060.5
1
15078.5
3
15100
3
15124
1
15142
2
15142
0
15180
3
15182
1
15189
0
15200
1
15218
3
15227
2
15246
0
15263
1
15281
3
15300
3
15317.5
1
15335.5
2
15335.5
0
15373.5
3
15382
1
15382.5
0
15400
1
15420.5
3
15444
0
15445.5
2
15456.5
1
15474.5
3
15500
3
15511
1
15529
2
15529
0
15567
3
15576
0
15582
1
15600
1
15614
3
15639
2
15642
0
15650
1
15668
3
15700
3
15700
1
15718
2
15726
0
15750
1
15764
3
15774
0
15800
1
15812
3
15839
2
15840
0
15850
1
15868
3
15900
3
15900
1
15918
2
15926
0
15954
1
15964
3
15972
0
16000
1
16010
3
16024
4
16038
0
16039
2
16050
1
16068
3
16100
3
16100
1
16118
2
16126
0
16152
1
16164
3
16170
0
16208
3
16217
2
16232
1
16240.5
0
16250
1
16268
3
16300
1
16300
3
16318
2
16326
0
16360.5
1
16364
3
16378.5
0
16416.5
3
16432
1
16450
2
16450
1
16462
0
16468
3
16500
1
16518
3
16527
2
16528
0
16550
3
16566
0
16582
1
16604
3
16613
2
16632
1
16650
1
16660
0
16668
3
16700
1
16718
3
16726
0
16727
2
16750
3
16764
0
16782
1
16800
1
16802
3
16818
2
16830
0
16868
3
16882
1
16900
1
16918
3
16924
0
16927
2
16950
3
16962
0
16982
1
17000
3
17017
2
17028
0
17032
1
17066
3
17068
4
17082
1
17100
1
17118
3
17122
0
17127
2
17150
3
17160
0
17182
1
17200
3
17200
1
17218
2
17226
0
17264
3
17282
1
17300
1
17318
3
17320
0
17327
2
17350
3
17359
0
17382
1
17400
3
17400
1
17418
2
17424
0
17462
3
17482
1
17500
1
17518
3
17518
0
17527
2
17550
3
17559
0
17582
1
17600
3
17604
1
17609
2
17622
0
17660
3
17682
1
17688
0
17700
1
17718
3
17726
2
17750
3
17759
0
17782
1
17800
3
17802
1
17809
2
17820
0
17858
3
17882
1
17886
0
17900
1
17918
3
17924
2
17950
3
17959
0
17982
1
18000
3
18009
2
18021.5
1
18039.5
0
18068
4
18077.5
3
18082
1
18086.5
0
18100
1
18118
3
18124.5
2
18150
0
18160.5
1
18178.5
3
18200
3
18221.5
1
18239.5
2
18239.5
0
18277.5
3
18282
1
18286.5
0
18300
1
18318
3
18324.5
2
18348
0
18360.5
1
18378.5
3
18400
3
18424
1
18442
2
18442
0
18480
3
18482
1
18489
0
18500
1
18518
3
18527
2
18546
0
18563
1
18581
3
18600
3
18617.5
1
18635.5
2
18635.5
0
18673.5
3
18682
1
18682.5
0
18700
1
18720.5
3
18744
0
18745.5
2
18756.5
1
18774.5
3
18800
3
18811
1
18829
2
18829
0
18867
3
18876
0
18882
1
18900
1
18914
3
18939
2
18942
0
18950
1
18968
3
19000
3
19000
1
19018
2
19026
0
19036
4
19050
1
19064
3
19074
0
19100
1
19112
3
19139
2
19140
0
19150
1
19168
3
19200
3
19200
1
19218
2
19226
0
19254
1
19264
3
19272
0
19300
1
19310
3
19338
0
19339
2
19350
1
19368
3
19400
1
19400
3
19418
2
19426
0
19452
1
19464
3
19470
0
19508
3
19517
2
19532
1
19540.5
0
19550
1
19568
3
19600
1
19600
3
19618
2
19626
0
19660.5
1
19664
3
19678.5
0
19716.5
3
19732
1
19750
2
19750
1
19762
0
19768
3
19800
1
19818
3
19827
2
19828
0
19850
3
19866
0
19882
1
19904
3
19913
2
19932
1
19950
1
19960
0
19968
3
20000
1
20018
3
20026
0
20027
2
20050
3
20064
0
20068
4
20082
1
20100
1
20102
3
20118
2
20130
0
20168
3
20182
1
20200
1
20218
3
20224
0
20227
2
20250
3
20262
0
20282
1
20300
3
20300
1
20318
2
20328
0
20366
3
20382
1
20400
1
20418
3
20422
0
20427
2
20450
3
20460
0
20482
1
20500
3
20500
1
20518
2
20526
0
20564
3
20582
1
20600
1
20618
3
20620
0
20627
2
20650
3
20659
0
20682
1
20700
3
20700
1
20718
2
20724
0
20762
3
20782
1
20800
1
20818
0
20818
3
20827
2
20850
3
20859
0
20882
1
20900
3
20904
1
20909
2
20922
0
20960
3
20982
1
20988
0
21000
1
21018
3
21026
2
21036
4
21050
3
21059
0
21082
1
21100
3
21102
1
21109
2
21120
0
21158
3
21182
1
21186
0
21200
1
21218
3
21224
2
21250
3
21259
0
21282
1
21300
3
21309
2
21321.5
1
21339.5
0
21377.5
3
21382
1
21386.5
0
21400
1
21418
3
21424.5
2
21450
0
21460.5
1
21478.5
3
21500
3
21521.5
1
21539.5
2
21539.5
0
21577.5
3
21582
1
21586.5
0
21600
1
21618
3
21624.5
2
21648
0
21660.5
1
21678.5
3
21700
3
21724
1
21742
2
21742
0
21780
3
21782
1
21789
0
21800
1
21818
3
21827
2
21846
0
21863
1
21881
3
21900
3
21917.5
1
21935.5
2
21935.5
0
21973.5
3
21982
1
21982.5
0
22000
1
22020.5
3
22030
4
22044
0
22045.5
2
22056.5
1
22074.5
3
22100
3
22111
1
22129
2
22129
0
22167
3
22176
0
22182
1
22200
1
22214
3
22239
2
22242
0
22250
1
22268
3
22300
3
22300
1
22318
2
22326
0
22350
1
22364
3
22374
0
22400
1
22412
3
22439
2
22440
0
22450
1
22468
3
22500
3
22500
1
22518
2
22526
0
22554
1
22564
3
22572
0
22600
1
22610
3
22638
0
22639
2
22650
1
22668
3
22700
1
22700
3
22718
2
22726
0
22752
1
22764
3
22770
0
22808
3
22817
2
22832
1
22840.5
0
22850
1
22868
3
22900
3
22900
1
22918
2
22926
0
22960.5
1
22964
3
22978.5
0
23007.5
1
23016.5
3
23025.5
2
23036
4
23050
1
23062
0
23068
3
23100
1
23118
3
23127
2
23128
0
23150
3
23166
0
23182
1
23204
3
23213
2
23232
1
23250
1
23260
0
23268
3
23300
1
23318
3
23326
0
23327
2
23350
3
23364
0
23382
1
23400
1
23402
3
23418
2
23430
0
23468
3
23482
1
23500
1
23518
3
23524
0
23527
2
23550
3
23562
0
23582
1
23600
3
23600
1
23618
2
23628
0
23666
3
23682
1
23700
1
23718
3
23722
0
23727
2
23750
3
23760
0
23782
1
23800
3
23800
1
23818
2
23826
0
23864
3
23882
1
23900
1
23918
3
23920
0
23927
2
23950
3
23959
0
23982
1
24000
3
24013
2
24024
0
24032
1
24062
3
24068
4
24082
1
24100
1
24118
0
24118
3
24127
2
24150
3
24159
0
24182
1
24200
3
24204
1
24209
2
24222
0
24260
3
24282
1
24288
0
24300
1
24318
3
24326
2
24350
3
24359
0
24382
1
24400
3
24402
1
24409
2
24420
0
24458
3
24482
1
24486
0
24500
1
24518
3
24524
2
24550
3
24559
0
24582
1
24600
3
24609
2
24621.5
1
24639.5
0
24677.5
3
24682
1
24686.5
0
24700
1
24718
3
24724.5
2
24750
0
24760.5
1
24778.5
3
24800
3
24821.5
1
24839.5
2
24839.5
0
24877.5
3
24882
1
24886.5
0
24900
1
24918
3
24924.5
2
24948
0
24960.5
1
24978.5
3
25000
3
25024
1
25042
2
25042
0
25068
4
25080
3
25082
1
25089
0
25100
1
25118
3
25127
2
25146
0
25163
1
25181
3
25200
3
25217.5
1
25235.5
2
25235.5
0
25273.5
3
25282
1
25282.5
0
25300
1
25320.5
3
25344
0
25345.5
2
25356.5
1
25374.5
3
25400
3
25411
1
25429
2
25429
0
25467
3
25476
0
25482
1
25500
1
25514
3
25539
2
25542
0
25550
1
25568
3
25600
1
25600
3
25618
2
25626
0
25650
1
25664
3
25674
0
25700
1
25712
3
25739
2
25740
0
25750
1
25768
3
25800
1
25800
3
25818
2
25826
0
25854
1
25864
3
25872
0
25900
1
25910
3
25938
0
25939
2
25950
1
25968
3
26000
1
26000
3
26018
2
26026
0
26038
4
26052
1
26064
3
26070
0
26108
3
26117
2
26132
1
26140.5
0
26150
1
26168
3
26200
3
26200
1
26218
2
26226
0
26260.5
1
26264
3
26278.5
0
26316.5
3
26332
1
26350
2
26350
1
26362
0
26368
3
26400
1
26418
3
26427
2
26428
0
26450
3
26466
0
26482
1
26504
3
26513
2
26532
1
26550
1
26560
0
26568
3
26600
1
26618
3
26626
0
26627
2
26650
3
26664
0
26682
1
26700
1
26702
3
26718
2
26730
0
26768
3
26782
1
26800
1
26818
3
26824
0
26827
2
26850
3
26862
0
26882
1
26900
3
26900
1
26918
2
26928
0
26966
3
26982
1
27000
1
27018
3
27022
0
27027
2
27050
3
27060
0
27068
4
27082
1
27100
1
27100
3
27118
2
27126
0
27164
3
27182
1
27200
1
27218
3
27220
0
27227
2
27250
3
27259
0
27282
1
27300
3
27300
1
27318
2
27324
0
27362
3
27382
1
27400
1
27418
3
27418
0
27427
2
27450
3
27459
0
27482
1
27500
3
27504
1
27509
2
27522
0
27560
3
27582
1
27588
0
27600
1
27618
3
27626
2
27650
3
27659
0
27682
1
27700
3
27702
1
27709
2
27720
0
27758
3
27782
1
27786
0
27800
1
27818
3
27824
2
27850
3
27859
0
27882
1
27900
3
27909
2
27921.5
1
27939.5
0
27977.5
3
27982
1
27986.5
0
28000
1
28018
3
28024.5
2
28046.5
4
28050
0
28060.5
1
28078.5
3
28100
3
28121.5
1
28139.5
2
28139.5
0
28177.5
3
28182
1
28186.5
0
28200
1
28218
3
28224.5
2
28248
0
28260.5
1
28278.5
3
28300
3
28324
1
28342
2
28342
0
28380
3
28382
1
28389
0
28400
1
28418
3
28427
2
28446
0
28463
1
28481
3
28500
3
28517.5
1
28535.5
2
28535.5
0
28573.5
3
28582
1
28582.5
0
28600
1
28620.5
3
28644
0
28645.5
2
28656.5
1
28674.5
3
28700
3
28711
1
28729
2
28729
0
28767
3
28776
0
28782
1
28800
1
28814
3
28839
2
28842
0
28850
1
28868
3
28900
1
28900
3
28918
2
28926
0
28950
1
28964
3
28974
0
29000
1
29012
3
29026
4
29039
2
29040
0
29050
1
29068
3
29100
1
29100
3
29118
2
29126
0
29154
1
29164
3
29172
0
29200
1
29210
3
29238
0
29239
2
29250
1
29268
3
29300
3
29300
1
29318
2
29326
0
29352
1
29364
3
29370
0
29408
3
29417
2
29432
1
29440.5
0
29450
1
29468
3
29500
3
29500
1
29518
2
29526
0
29560.5
1
29564
3
29578.5
0
29616.5
3
29632
1
29650
2
29650
1
29662
0
29668
3
29700
1
29718
3
29727
2
29728
0
29750
3
29766
0
29782
1
29804
3
29813
2
29832
1
29850
1
29860
0
29868
3
29900
1
29918
3
29926
0
29927
2
29950
3
29964
0
29982
1
30000
1
30002
3
30011
2
30036
4
30050
1
30058
0
30068
3
30100
1
30118
3
30124
0
30127
2
30150
3
30162
0
30182
1
30200
3
30200
1
30218
2
30228
0
30266
3
30282
1
30300
1
30318
3
30322
0
30327
2
30350
3
30360
0
30382
1
30400
1
30400
3
30418
2
30426
0
30464
3
30482
1
30500
1
30518
3
30520
0
30527
2
30550
3
30559
0
30582
1
30600
3
30600
1
30618
2
30624
0
30662
3
30682
1
30700
1
30718
3
30718
0
30727
2
30750
3
30759
0
30782
1
30800
3
30804
1
30809
2
30822
0
30860
3
30882
1
30888
0
30900
1
30918
3
30926
2
30950
3
30959
0
30982
1
31000
3
31000
1
31009
2
31036
4
31048
0
31050
1
31086
3
31086
0
31100
1
31118
3
31124
2
31150
3
31159
0
31182
1
31200
3
31209
2
31221.5
1
31239.5
0
31277.5
3
31282
1
31286.5
0
31300
1
31318
3
31324.5
2
31350
0
31360.5
1
31378.5
3
31400
3
31421.5
1
31439.5
2
31439.5
0
31477.5
3
31482
1
31486.5
0
31500
1
31518
3
31524.5
2
31548
0
31560.5
1
31578.5
3
31600
3
31624
1
31642
2
31642
0
31680
3
31682
1
31689
0
31700
1
31718
3
31727
2
31746
0
31763
1
31781
3
31800
3
31817.5
1
31835.5
2
31835.5
0
31873.5
3
31882
1
31882.5
0
31900
1
31920.5
3
31944
0
31945.5
2
31956.5
1
31974.5
3
32000
3
32011
1
32029
2
32029
0
32067
3
32068
4
32076
0
32082
1
32100
1
32114
3
32139
2
32142
0
32150
1
32168
3
32200
1
32200
3
32218
2
32226
0
32250
1
32264
3
32274
0
32300
1
32312
3
32339
2
32340
0
32350
1
32368
3
32400
3
32400
1
32418
2
32426
0
32454
1
32464
3
32472
0
32500
1
32510
3
32538
0
32539
2
32550
1
32568
3
32600
1
32600
3
32618
2
32626
0
32652
1
32664
3
32670
0
32708
3
32717
2
32732
1
32740.5
0
32750
1
32768
3
32800
1
32800
3
32818
2
32826
0
32860.5
1
32864
3
32878.5
0
32916.5
3
32932
1
32950
2
32950
1
32962
0
32968
3
