2
3300
248
10
2
0, 2, 3, 
1, 2, 3, 
0
3
0
0
12
1
35
4
35
2
50
3
62
1
85
0
100
1
126
2
136
4
138
3
150
1
151
3
163
0
198
0
200
3
212
1
235
2
236
4
250
1
250
3
273
0
300
3
308
1
324
4
338
2
342
0
350
3
377
1
400
3
403
0
412
1
438
2
438
4
450
3
469
1
492
0
500
3
527
1
545
4
553
2
559
0
565
3
577
1
594
0
600
1
623
3
629
4
638
2
650
3
668
1
691
0
700
3
727
1
743
4
753
2
757
0
765
3
777
1
792
0
800
1
823
3
827
4
842
2
854
3
866
1
889
0
900
3
927
1
941
4
953
2
955
0
965
3
977
1
1000
1
1021
0
1026
2
1038
3
1050
3
1056
4
1064
1
1087
0
1100
1
1122
0
1123
2
1135
3
1150
3
1163
4
1177
1
1188
0
1200
1
1223
2
1238
3
1258
1
1274
3
1281
0
1286
4
1300
3
1316
1
1339
2
1351
0
1351
3
1363
4
1377
1
1386
0
1400
1
1423
3
1435
2
1456
1
1474
3
1479
0
1486
4
1500
3
1514
1
1537
2
1549
0
1550
3
1563
4
1577
1
1600
4
1614
3
1615
0
1626
1
1650
1
1673
2
1681
0
1685
3
1700
4
1714
3
1727
1
1747
0
1750
3
1765
1
1788
2
1800
4
1800
3
1812
0
1814
1
1850
1
1873
2
1879
0
1885
3
1900
3
1912
1
1935
0
1936
4
1950
1
1973
2
1985
3
2000
3
2011
0
2012
4
2026
1
2050
1
2073
0
2076
2
2088
3
2100
3
2108
4
2122
0
2127
1
2150
1
2176
2
2178
0
2188
3
2200
1
2223
3
2236
4
2250
1
2275
0
2276
2
2288
3
2300
3
2312
4
2326
0
2327
1
2350
1
2373
2
2388
3
2400
1
2407
0
2423
3
2436
4
2450
1
2473
0
2476
2
2488
3
2500
4
2514
1
2537
0
2538
3
2550
1
2573
2
2585
3
2600
3
2605
0
2612
4
2626
1
2650
1
2671
0
2673
2
2688
3
2700
3
2712
4
2726
0
2727
1
2750
1
2773
2
2773
0
2785
3
2800
3
2812
4
2826
1
2838
0
2853
1
2876
2
2888
3
2900
3
2912
4
2926
0
2927
1
2950
1
2973
0
2973
2
2985
3
3000
3
3012
1
3022
4
3036
0
3053
2
3065
3
3077
1
3100
3
3100
4
3112
0
3114
1
3156
2
3168
1
3168
3
3191
0
3200
1
3226
2
3238
3
3251
4
3265
3
3265
0
3277
1
