2
3300
248
10
2
0, 2, 3, 
1, 2, 3, 
0
0
0
1
23
3
35
4
35
2
50
3
50
1
66
0
100
1
101
3
113
4
123
2
132
0
150
1
167
3
198
0
200
1
223
3
233
4
235
2
250
1
250
3
264
0
300
1
300
3
312
4
323
2
330
0
350
1
365
3
396
0
400
1
423
3
431
4
435
2
450
1
450
3
462
0
500
3
500
1
512
4
523
2
528
0
550
1
563
3
594
0
600
1
623
3
629
4
635
2
650
1
650
3
662
0
700
1
700
3
712
4
723
2
726
0
750
1
761
3
792
0
800
1
823
3
827
4
835
2
850
1
850
3
862
0
900
1
900
3
912
4
923
2
926
0
950
1
961
3
990
0
1000
1
1023
3
1025
4
1035
2
1050
1
1050
3
1062
0
1100
1
1100
3
1112
4
1123
0
1126
2
1150
1
1158
3
1188
0
1200
1
1223
3
1223
4
1235
2
1250
3
1250
1
1262
0
1300
3
1300
1
1312
4
1323
0
1326
2
1350
1
1358
3
1386
0
1400
1
1421
3
1423
4
1433
2
1450
3
1450
1
1462
0
1500
1
1500
3
1512
4
1523
0
1526
2
1550
1
1558
3
1584
0
1600
1
1619
3
1623
4
1631
2
1650
1
1650
0
1673
3
1700
1
1700
3
1712
4
1723
0
1726
2
1750
1
1758
3
1782
0
1800
1
1817
3
1823
4
1829
2
1848
0
1850
1
1873
3
1900
3
1900
1
1912
4
1923
0
1926
2
1950
1
1958
3
1980
0
2000
1
2015
3
2023
4
2027
2
2046
0
2050
1
2073
3
2100
3
2100
1
2112
0
2123
4
2137
2
2150
1
2150
3
2178
0
2200
1
2213
3
2223
4
2225
2
2244
0
2250
1
2273
3
2300
3
2300
1
2312
0
2323
4
2337
2
2350
1
2350
3
2376
0
2400
1
2411
3
2423
2
2423
4
2442
0
2450
1
2473
3
2500
3
2500
1
2512
0
2523
4
2537
2
2550
1
2550
3
2574
0
2600
1
2609
3
2621
4
2623
2
2640
0
2650
1
2673
3
2700
1
2700
3
2712
0
2723
4
2737
2
2750
1
2750
3
2772
0
2800
1
2807
3
2819
4
2823
2
2838
0
2850
1
2873
3
2900
3
2900
1
2912
0
2923
4
2937
2
2950
3
2950
1
2970
0
3000
1
3005
3
3017
4
3023
2
3036
0
3050
1
3071
3
3100
1
3100
3
3112
0
3123
4
3137
2
3150
1
3150
3
3168
0
3200
1
3203
3
3215
4
3223
2
3234
0
3250
1
3269
3
