2
6700
502
10
2
0, 2, 3, 
1, 2, 3, 
0
0
0
3
12
1
35
2
35
4
50
3
67
1
67
0
102
2
114
3
126
4
126
1
150
3
162
0
162
1
200
3
201
0
212
4
226
1
249
2
261
3
273
1
273
0
308
1
308
3
320
4
331
2
350
3
362
0
362
1
400
3
402
0
412
4
426
1
449
2
461
3
473
0
473
1
508
3
508
1
520
4
531
2
550
3
562
0
562
1
600
3
603
0
612
4
626
1
649
2
661
3
673
0
673
1
708
1
708
3
720
4
731
2
750
3
762
0
762
1
800
3
804
0
812
4
826
1
849
2
861
3
873
1
873
0
908
3
920
1
920
4
950
1
950
0
973
2
985
3
1000
3
1005
0
1012
4
1026
1
1049
2
1061
1
1061
3
1084
0
1119
1
1119
3
1131
4
1150
0
1150
3
1162
1
1185
2
1200
3
1212
0
1212
4
1226
1
1249
2
1261
3
1273
1
1273
0
1308
2
1320
3
1320
1
1332
4
1350
3
1362
0
1362
1
1400
3
1412
4
1412
0
1426
1
1449
2
1461
3
1473
1
1500
0
1500
3
1512
1
1535
4
1550
0
1550
1
1573
2
1585
3
1600
3
1612
0
1612
4
1626
1
1650
1
1673
2
1685
3
1700
0
1700
3
1712
1
1735
4
1750
1
1773
2
1773
0
1785
3
1800
3
1812
4
1812
0
1826
1
1850
1
1873
2
1885
3
1900
1
1900
0
1923
3
1935
4
1950
1
1950
0
1973
2
1985
3
2000
3
2000
1
2012
0
2023
4
2047
2
2059
3
2071
1
2100
1
2100
0
2123
3
2135
4
2150
0
2150
1
2173
2
2185
3
2200
3
2200
1
2212
0
2223
4
2247
2
2259
3
2271
1
2300
0
2300
1
2323
3
2335
4
2350
1
2373
0
2373
2
2385
3
2408
1
2408
3
2420
0
2431
4
2450
3
2455
1
2478
2
2479
0
2500
3
2512
1
2535
4
2550
1
2573
2
2573
0
2585
3
2600
1
2608
3
2620
0
2623
4
2637
2
2650
3
2662
1
2700
3
2700
0
2712
1
2735
4
2750
1
2773
2
2773
0
2785
3
2800
1
2808
3
2820
0
2823
4
2837
2
2850
3
2862
1
2900
0
2900
3
2912
1
2935
4
2950
1
2973
2
2973
0
2985
3
3000
1
3008
3
3020
0
3023
4
3037
2
3050
3
3062
1
3100
0
3100
3
3112
1
3135
4
3150
1
3173
2
3173
0
3185
3
3200
1
3208
3
3220
0
3223
4
3237
2
3250
3
3262
1
3300
3
3300
0
3312
1
3335
4
3350
1
3373
0
3373
2
3385
3
3400
1
3408
3
3420
0
3423
4
3437
2
3450
3
3462
1
3485
0
3500
1
3520
3
3523
4
3532
2
3550
3
3550
1
3573
0
3600
1
3608
3
3620
0
3623
4
3637
2
3650
3
3662
1
3685
0
3700
1
3720
3
3723
4
3732
2
3750
1
3750
3
3773
0
3800
1
3808
3
3820
0
3823
4
3837
2
3850
3
3862
1
3886
0
3900
1
3921
3
3923
4
3933
2
3950
3
3950
1
3973
0
4000
1
4008
3
4020
0
4023
4
4037
2
4050
3
4062
1
4087
0
4100
1
4122
3
4123
4
4134
2
4150
1
4150
3
4173
0
4200
1
4208
3
4221
0
4223
4
4237
2
4250
3
4262
1
4288
0
4300
1
4323
2
4335
4
4335
3
4350
1
4350
3
4373
0
4400
1
4408
3
4420
4
4423
0
4458
2
4470
1
4470
3
4493
0
4500
1
4523
3
4528
4
4535
2
4550
1
4550
3
4573
0
4600
3
4608
1
4623
0
4631
4
4658
2
4670
1
4670
3
4693
0
4700
1
4723
3
4728
4
4735
2
4750
3
4762
1
4785
0
4820
1
4820
3
4832
4
4843
0
4846
2
4858
3
4870
1
4893
0
4900
1
4923
3
4928
4
4935
2
4950
3
4962
1
4985
0
5020
3
5020
1
5032
4
5043
0
5046
2
5058
3
5070
1
5093
0
5100
1
5123
3
5128
4
5135
2
5150
3
5162
1
5185
0
5220
3
5220
1
5232
4
5243
0
5246
2
5258
3
5270
1
5293
0
5300
1
5323
3
5328
4
5335
2
5350
3
5362
1
5385
0
5420
3
5420
1
5432
4
5443
0
5446
2
5458
3
5470
1
5494
0
5500
1
5523
3
5529
4
5535
2
5550
3
5562
1
5585
0
5620
3
5620
1
5632
4
5643
0
5646
2
5658
3
5670
1
5695
0
5700
1
5723
3
5730
4
5735
2
5750
3
5762
1
5785
0
5820
1
5820
3
5832
4
5843
0
5846
2
5858
3
5870
1
5896
0
5900
1
5923
3
5931
4
5935
2
5950
3
5962
1
5985
0
6020
1
6020
3
6032
4
6043
0
6046
2
6058
3
6070
1
6097
0
6100
1
6123
3
6132
4
6135
2
6150
3
6162
1
6185
0
6220
1
6220
3
6232
4
6243
0
6246
2
6258
3
6270
1
6300
3
6312
0
6312
1
6347
2
6347
4
6359
3
6361
1
6384
0
6419
3
6419
1
6431
4
6442
0
6445
2
6457
3
6469
1
6500
1
6500
0
6523
3
6535
4
6535
2
6550
3
6550
1
6573
0
6608
2
6620
3
6620
1
6632
4
6650
3
6662
1
6662
0
