2
3300
248
10
2
0, 2, 3, 
1, 2, 3, 
0
1
0
0
23
3
35
2
36
4
50
3
66
0
77
1
101
3
116
1
118
4
132
0
139
2
151
1
167
3
198
0
200
1
223
3
238
2
250
3
263
4
264.75
0
277
1
300
3
316
1
316
4
330
0
339
2
351
1
365
3
396
0
400
1
423
3
438
2
450
3
463
4
464.75
0
477
1
500
3
514
4
516
1
528
0
539
2
551
1
563
3
594
0
600
1
623
3
638
2
650
3
663
4
664.75
0
677
1
700
3
712
4
716
1
726
0
739
2
751
1
761
3
792
0
800
1
823
3
838
2
850
3
863
4
864.75
0
877
1
900
3
912
4
916
1
926
0
939
2
951
1
961
3
990
0
1000
1
1023
3
1038
2
1050
3
1063
4
1065
0
1077
1
1100
3
1118
1
1127
4
1141
0
1141
2
1176
3
1177
1
1188
0
1200
1
1223
3
1235
2
1236
4
1250
3
1262.75
0
1277
1
1300
3
1314
1
1323
4
1337
0
1337
2
1372
3
1377
1
1386
0
1400
1
1421
3
1433
2
1436
4
1450
3
1462
0
1477
1
1500
3
1512
1
1521
4
1535
2
1535
0
1570
3
1577
1
1584
0
1600
1
1619
3
1631
2
1647.25
4
1660.88
0
1661.25
1
1684.25
3
1700
3
1712.12
1
1721.12
4
1735.12
2
1737.12
0
1772.12
3
1777
1
1784.12
0
1800
1
1819.12
3
1831.12
2
1850.88
4
1864.5
0
1864.88
1
1887.88
3
1900
3
1915.75
1
1924.75
4
1938.75
2
1940.75
0
1975.75
3
1977
1
1987.75
0
2000
1
2022.75
3
2034.75
2
2050.88
4
2064.88
1
2075.5
0
2087.88
3
2100
3
2126.75
1
2135.88
0
2149.75
4
2163.75
2
2175.75
3
2175.75
1
2198.75
0
2200
1
2233.75
3
2245.75
2
2249.62
4
2263.62
1
2274.25
0
2286.62
3
2300
3
2325.5
1
2339.5
0
2348.5
4
2362.5
2
2374.5
3
2374.5
1
2397.5
0
2400
1
2432.5
3
2444.5
2
2448.38
4
2462.38
1
2473
0
2485.38
3
2500
3
2524.25
1
2538.25
0
2547.25
4
2561.25
2
2573.25
1
2573.25
3
2596.25
0
2600
1
2631.25
3
2646.75
4
2649.12
2
2660.75
0
2661.12
1
2684.12
3
2700
3
2712
1
2735
4
2737
0
2749
2
2772
3
2777
1
2784
0
2817.75
1
2819
3
2840.75
2
2852.75
0
2863
4
2877
1
2887.75
3
2900
3
2904
1
2927
4
2929
0
2941
2
2964
3
2976
0
2977
1
3009.75
1
3011
3
3032.75
2
3044.75
0
3063
4
3077
1
3079.75
3
3100
1
3100
3
3121
0
3123
4
3137
2
3156
3
3168
0
3177
1
3203
3
3220
4
3227
1
3234
0
3250
2
3269
3
3277
1
