2
6700
502
10
2
0, 2, 3, 
1, 2, 3, 
0
0
0
1
23
3
35
4
35
2
50
3
50
1
67
0
100
1
102
3
114
4
123
2
134
0
150
1
169
3
200
1
200
3
212
0
223
4
237
2
250
1
250
3
268
0
300
1
303
3
315
4
323
2
335
0
350
1
370
3
400
3
400
1
412
0
423
4
437
2
450
1
450
3
469
0
500
1
504
3
516
4
523
2
536
0
550
1
571
3
600
3
600
1
612
0
623
4
637
2
650
1
650
3
670
0
700
1
705
3
717
4
723
2
737
0
750
1
772
3
800
1
800
3
812
0
823
4
837
2
850
3
850
1
871
0
900
1
906
3
918
4
923
2
938
0
950
1
973
3
1000
3
1000
1
1012
0
1023
4
1037
2
1050
1
1050
3
1072
0
1100
1
1107
3
1119
4
1123
2
1139
0
1150
1
1173
3
1200
1
1200
3
1212
0
1223
4
1237
2
1250
3
1250
1
1273
0
1300
1
1308
3
1320
4
1323
2
1340
0
1350
1
1373
3
1400
1
1400
3
1412
0
1423
4
1437
2
1450
1
1450
3
1474
0
1500
1
1509
3
1521
4
1523
2
1541
0
1550
1
1573
3
1600
3
1600
1
1612
0
1623
4
1637
2
1650
1
1650
3
1675
0
1700
1
1710
3
1722
4
1723
2
1742
0
1750
1
1773
3
1800
1
1800
3
1812
0
1823
4
1837
2
1850
3
1850
1
1876
0
1900
1
1911
3
1923
2
1923
4
1943
0
1950
1
1973
3
2000
3
2000
1
2012
0
2023
4
2037
2
2050
1
2050
3
2077
0
2100
1
2112
3
2123
4
2124
2
2144
0
2150
1
2173
3
2200
3
2200
1
2212
0
2223
4
2237
2
2250
3
2250
1
2278
0
2300
1
2313
3
2323
4
2325
2
2345
0
2350
1
2373
3
2400
1
2400
3
2412
0
2423
4
2437
2
2450
1
2450
3
2479
0
2500
1
2514
3
2523
4
2526
2
2546
0
2550
1
2573
3
2600
3
2600
1
2612
4
2623
0
2626
2
2650
1
2658
3
2680
0
2700
1
2715
3
2723
4
2727
2
2747
0
2750
1
2773
3
2800
1
2800
3
2812
4
2823
0
2826
2
2850
1
2858
3
2881
0
2900
1
2916
3
2923
4
2928
2
2948
0
2950
1
2973
3
3000
3
3000
1
3012
4
3023
0
3026
2
3050
1
3058
3
3082
0
3100
1
3117
3
3123
4
3129
2
3149
0
3150
1
3173
3
3200
1
3200
3
3212
4
3223
0
3226
2
3250
1
3258
3
3283
0
3300
1
3318
3
3323
4
3330
2
3350
0
3350
1
3373
3
3400
3
3400
1
3412
4
3423
0
3426
2
3450
1
3458
3
3484
0
3500
1
3519
3
3523
4
3531
2
3550
1
3550
3
3562
0
3600
1
3600
3
3612
4
3623
0
3626
2
3650
1
3658
3
3685
0
3700
1
3720
3
3723
4
3732
2
3750
3
3750
1
3762
0
3800
1
3800
3
3812
4
3823
0
3826
2
3850
1
3858
3
3886
0
3900
1
3921
3
3923
4
3933
2
3950
1
3950
3
3962
0
4000
1
4000
3
4012
4
4023
0
4026
2
4050
1
4058
3
4087
0
4100
1
4122
3
4123
4
4134
2
4150
3
4150
1
4162
0
4200
1
4200
3
4212
4
4223
0
4226
2
4250
1
4258
3
4288
0
4300
1
4323
3
4323
4
4335
2
4350
3
4350
1
4362
0
4400
3
4400
1
4412
4
4423
0
4426
2
4450
1
4458
3
4489
0
4500
1
4523
3
4524
4
4535
2
4550
3
4550
1
4562
0
4600
1
4600
3
4612
4
4623
0
4626
2
4650
1
4658
3
4690
0
4700
1
4723
3
4725
4
4735
2
4750
3
4750
1
4762
0
4800
3
4800
1
4812
4
4823
2
4826
0
4850
1
4861
3
4891
0
4900
1
4923
3
4926
4
4935
2
4950
3
4950
1
4962
0
5000
1
5000
3
5012
4
5023
2
5026
0
5050
1
5061
3
5092
0
5100
1
5123
3
5127
4
5135
2
5150
3
5150
1
5162
0
5200
3
5200
1
5212
4
5223
2
5226
0
5250
1
5261
3
5293
0
5300
1
5323
3
5328
4
5335
2
5350
3
5350
1
5362
0
5400
3
5400
1
5412
4
5423
2
5427
0
5450
1
5462
3
5494
0
5500
1
5523
3
5529
4
5535
2
5550
3
5550
1
5562
0
5600
3
5600
1
5612
4
5623
2
5628
0
5650
1
5663
3
5695
0
5700
1
5723
3
5730
4
5735
2
5750
3
5750
1
5762
0
5800
1
5800
3
5812
4
5823
2
5829
0
5850
1
5864
3
5896
0
5900
1
5923
3
5931
4
5935
2
5950
1
5950
3
5963
0
6000
1
6000
3
6012
4
6023
2
6030
0
6050
1
6065
3
6097
0
6100
1
6123
3
6132
4
6135
2
6150
1
6150
3
6164
0
6200
1
6200
3
6212
4
6223
2
6231
0
6250
1
6266
3
6298
0
6300
1
6323
3
6333
4
6335
2
6350
3
6350
1
6365
0
6400
3
6400
1
6412
4
6423
2
6432
0
6450
1
6467
3
6499
0
6500
1
6523
3
6534
4
6535
2
6550
3
6550
1
6566
0
6600
1
6601
3
6613
4
6623
2
6633
0
6650
1
6668
3
