2
6700
502
10
2
0, 2, 3, 
1, 2, 3, 
0
0
0
3
12
1
35
2
50
3
63
4
68
0
77
1
103
2
115
3
127
1
152
4
165
3
166
0
177
1
200
3
201
0
212
4
226
1
249
2
261
3
268
0
277
1
300
1
303
3
353
2
353
4
365
3
367
0
377
1
400
3
412
4
418
0
426
1
453
2
465
3
469
0
477
1
500
1
504
3
553
2
554
4
565
3
568
0
577
1
600
3
612
4
618
0
626
1
653
2
665
3
670
0
677
1
700
1
705
3
753
2
755
4
765
3
769
0
777
1
800
3
804
0
812
4
826
1
849
2
861
3
871
0
877
1
900
3
912
1
950
1
956
4
970
0
973
2
985
3
1000
3
1013
4
1022
0
1027
1
1057
2
1069
1
1088
3
1092
0
1100
3
1127
1
1139
4
1150
3
1153
0
1165
1
1188
2
1200
4
1200
3
1212
0
1214
1
1247
2
1265
3
1273
0
1277
1
1308
2
1320
3
1327
1
1332
4
1346
0
1365
3
1377
1
1400
4
1400
3
1412
0
1414
1
1447
2
1459
3
1477
1
1500
3
1506
0
1512
1
1536
4
1550
1
1573
2
1573
0
1585
3
1600
3
1612
0
1613
4
1627
1
1650
1
1673
2
1685
3
1700
3
1707
0
1712
1
1736
4
1750
1
1773
2
1774
0
1785
3
1800
3
1812
0
1813
4
1827
1
1850
1
1873
2
1885
3
1900
1
1908
0
1923
3
1936
4
1943
0
1950
1
1976
2
1988
3
2000
1
2000
3
2012
0
2039
4
2053
2
2065
3
2077
1
2100
1
2109
0
2123
3
2136
4
2144
0
2150
1
2176
2
2188
3
2200
1
2200
3
2212
0
2239
4
2253
2
2265
3
2277
1
2300
1
2310
0
2323
3
2336
4
2350
1
2376
2
2377
0
2388
3
2400
1
2418
3
2430
0
2436
4
2450
3
2465
1
2488
2
2500
3
2511
0
2512
1
2536
4
2550
1
2573
2
2578
0
2585
3
2600
1
2623
4
2633
3
2637
2
2645
0
2650
3
2677
1
2700
3
2712
1
2712
0
2736
4
2750
1
2773
2
2779
0
2785
3
2800
1
2823
4
2834
3
2837
2
2846
0
2850
3
2877
1
2900
3
2912
1
2913
0
2936
4
2950
1
2973
2
2980
0
2985
3
3000
1
3023
4
3035
3
3037
2
3047
0
3050
3
3077
1
3100
3
3112
1
3114
0
3136
4
3150
1
3173
2
3181
0
3185
3
3200
1
3223
4
3236
3
3237
2
3248
0
3250
3
3277
1
3300
3
3312
1
3315
0
3336
4
3350
1
3373
2
3382
0
3385
3
3400
1
3424
4
3437
3
3438
2
3449
0
3450
3
3462
1
3485
0
3500
1
3520
3
3545
2
3557
1
3574
4
3580
0
3588
3
3600
1
3615
3
3623
4
3627
0
3637
2
3650
3
3662
1
3685
0
3700
1
3720
3
3732
2
3736
4
3750
3
3758
1
3781
0
3800
1
3816
3
3823
4
3828
0
3837
2
3850
3
3863
1
3886
0
3900
1
3921
3
3933
2
3936
4
3950
3
3959
1
3982
0
4000
1
4017
3
4023
4
4029
0
4037
2
4050
3
4064
1
4087
0
4100
1
4122
3
4134
2
4136
4
4150
3
4163
1
4186
0
4200
1
4221
3
4223
4
4233
0
4237
2
4250
3
4268
1
4291
0
4303
1
4326
2
4336
4
4338
3
4350
3
4364
1
4387
0
4400
1
4422
3
4423
0
4444
4
4458
2
4470
1
4470
3
4493
0
4500
1
4523
3
4538
2
4550
3
4551
4
4565
1
4588
0
4600
3
4623
0
4623
1
4651
4
4665
2
4677
1
4677
3
4700
0
4700
1
4723
3
4740
4
4742
2
4754
3
4766
1
4789
0
4800
3
4827
1
4839
4
4853
2
4856
0
4865
3
4877
1
4891
0
4900
1
4923
3
4941
4
4943
2
4955
3
4967
1
4990
0
5000
3
5027
1
5039
4
5053
2
5057
0
5065
3
5077
1
5092
0
5100
1
5123
3
5142
4
5144
2
5156
3
5168
1
5191
0
5200
3
5227
1
5239
4
5253
2
5258
0
5265
3
5277
1
5293
0
5300
1
5323
3
5343
4
5345
2
5357
3
5369
1
5392
0
5400
3
5427
1
5439
4
5453
2
5459
0
5465
3
5477
1
5494
0
5500
1
5523
3
5543
4
5545
2
5557
3
5569
1
5592
0
5600
3
5627
1
5639
4
5653
2
5660
0
5665
3
5677
1
5695
0
5700
1
5723
3
5743
4
5745
2
5757
3
5769
1
5792
0
5800
3
5827
1
5839
4
5853
2
5861
0
5865
3
5877
1
5896
0
5900
1
5923
3
5943
4
5945
2
5957
3
5969
1
5992
0
6000
3
6027
1
6039
4
6053
2
6062
0
6065
3
6077
1
6097
0
6100
1
6123
3
6136
4
6138
2
6150
3
6162
1
6185
0
6200
3
6220
1
6229
4
6243
2
6255
3
6263
0
6267
1
6298
0
6300
3
6312
1
6335
2
6355
4
6369
1
6388
3
6392
0
6400
3
6427
1
6439
4
6453
2
6464
0
6465
3
6477
1
6500
1
6523
3
6531
0
6543
4
6557
1
6576
2
6580
0
6588
3
6615
2
6627
3
6627
1
6651
4
6665
3
6665
0
6677
1
