2
3300
248
10
2
0, 2, 3, 
1, 2, 3, 
0
3
0
0
12
1
35
2
50
4
50
3
64
1
87
0
100
1
123
2
135
3
150
3
150
4
162
0
164
1
200
3
212
1
212
0
247
2
247
4
259
3
261
1
284
0
319
1
319
3
331
4
342
0
345
2
357
3
377
1
400
3
400
0
412
1
435
2
450
3
450
4
464
1
487
0
522
1
522
3
534
4
545
2
548
0
557
3
569
1
600
1
600
0
623
3
635
2
650
4
650
3
664
1
687
0
722
1
722
3
734
4
745
2
748
0
757
3
769
1
800
1
800
0
823
3
835
2
850
4
850
3
864
1
887
0
922
3
922
1
934
4
945
2
948
0
957
3
969
1
1000
0
1000
1
1023
2
1035
3
1050
3
1050
4
1064
1
1087
0
1100
1
1123
2
1123
0
1135
3
1150
3
1162
4
1176
1
1188
0
1200
1
1223
2
1235
3
1250
3
1250
1
1262
4
1276
0
1300
3
1312
1
1335
2
1350
3
1350
0
1362
4
1376
1
1400
1
1400
0
1423
3
1435
2
1450
3
1450
1
1462
4
1476
0
1500
3
1512
1
1535
2
1547
0
1550
3
1562
4
1576
1
1600
4
1614
3
1614
0
1626
1
1650
1
1673
0
1673
2
1685
3
1700
4
1708
1
1731
3
1743
0
1750
3
1762
1
1785
2
1800
3
1800
4
1812
0
1814
1
1850
1
1873
0
1873
2
1885
3
1900
3
1908
4
1912
1
1935
0
1950
1
1973
2
1985
3
2000
3
2000
0
2012
4
2026
1
2050
1
2073
0
2073
2
2085
3
2100
3
2112
1
2112
4
2135
0
2150
1
2173
2
2185
3
2200
0
2200
1
2223
3
2235
4
2250
1
2273
2
2273
0
2285
3
2300
3
2312
4
2312
1
2335
0
2350
1
2373
2
2385
3
2400
1
2400
0
2423
3
2435
4
2450
0
2450
1
2473
2
2485
3
2500
3
2500
4
2514
1
2537
0
2550
1
2573
2
2585
3
2600
3
2600
0
2612
4
2626
1
2650
1
2650
0
2673
2
2685
3
2700
3
2712
1
2712
4
2735
0
2750
1
2773
2
2785
3
2800
3
2800
0
2812
4
2826
1
2838
0
2850
1
2873
2
2885
3
2900
3
2912
4
2912
1
2935
0
2950
1
2973
2
2985
3
3000
3
3000
0
3012
1
3035
2
3050
4
3050
3
3064
1
3064
0
3100
3
3112
4
3112
0
3126
1
3149
2
3161
1
3161
3
3184
0
3200
1
3223
2
3235
3
3250
3
3250
4
3264
1
3264
0
