-1
5.75866e-06
0
0
0
0
1.26218e-28
0
0
0
0
5.75866e-07
0
0
0
0
0
0
0
0
0
0
0
0
0
0
0
0
0
0
0
0
0
0
6.17806e-38
4.84163e-39
4.68002e-29
1.56001e-29
0
0
0
0
0
0
1.71906e-13
1.71906e-13
0
0
0
0
0
0
0
0
0
0
0
0
4.11212e-05
0
0
0
0
0
0
0
0
0
0
0
2.28451e-06
0
0
0
0
0
0
4.35184e-08
0
0
0
0
0
0
0
0
0
0
2.55991e-09
0
0
0
0
0
0
0
0
0
0
0
0
0
0
0
0
0
0
9.8194e-14
0
0
4.6759e-15
0
0
1.83701e-06
0
0
0
0
0
0
0
0
0
0
0
0
0
0
1.17223e-07
0
0
0
0
0
0
1.14816e-08
0
0
0
0
0
0
1.84063e-13
0
5.30917e-09
0
0
0
0
0
0
0
0
0
0
0
0
0
0
0
0
0
0
0
0
0
0
0
0
0
0
0
0
0
0
0
0
0
0
0
0
0
0
0
0
0
0
0
0
0
0
0
0
0
0
0
0
0
0
0
5.81783e-08
0
0
0
0
0
0
0
0
0
0
0
0
0
0
0
0
0
0
0
0
0
0
0
0
0
0
0
0
0
0
0
1.64845e-07
0
0
2.24269e-16
0
0
1.74426e-07
0
0
0
0
0
0
0
0
0
0
0
0
0
0
0
0
0
0
0
0
0
0
0
0
0
0
