2
67000
4417
10
2
0, 2, 3, 
1, 2, 3, 
0
0
0
1
21
3
31
2
36
4
50
3
67
0
79
1
129
1
137.999
3
149.999
2
157
0
179
1
188
3
200
3
200
1
221
2
237
0
268
3
279
1
280
0
307
1
311
3
327.999
2
346
0
377
3
379
1
400
1
400
3
421
2
434
0
465
3
477
0
479
1
504
1
508
3
524.999
2
543
0
574
3
579
1
600
3
600
1
621
2
631
0
662
3
674
0
679
1
705
3
705
1
725.999
2
740
0
771
3
779
1
800
1
800
3
821
2
832
0
850
1
863
3
871
0
902
3
929
1
929
2
941
0
972
3
979
1
1000
3
1000
1
1021
2
1033
0
1036
4
1050
1
1064
3
1072
0
1103
3
1129
1
1130
2
1142
0
1173
3
1179
1
1200
3
1200
1
1221
2
1234
0
1250
1
1265
3
1273
0
1304
3
1329
1
1331
2
1343
0
1374
3
1379
1
1400
1
1400
3
1421
2
1431
0
1450
1
1462
3
1474
0
1505
3
1517
2
1529
1
1544
0
1550
1
1571
3
1600
3
1600
1
1621
2
1631
0
1650
1
1662
3
1675
0
1706
3
1718
2
1729
1
1745
0
1750
1
1771
3
1800
3
1800
1
1821
2
1831
0
1850
1
1862
3
1876
0
1907
3
1919
2
1929
1
1946
0
1950
1
1971
3
2000
3
2000
1
2021
2
2031
0
2036
4
2050
1
2062
3
2077
0
2108
3
2120
2
2129
1
2147
0
2150
1
2171
3
2200
1
2200
3
2221
2
2231
0
2250
1
2262
3
2278
0
2300
1
2309
3
2321
2
2348
0
2350
1
2371
3
2400
1
2400
3
2421
2
2448
0
2450
1
2479
3
2479
0
2500
1
2510
3
2555
2
2561
0
2567
1
2588
3
2600
3
2612
2
2628
1
2649
0
2679
1
2680
3
2692
0
2700
1
2723
3
2753
2
2759
0
2765
1
2786
3
2800
3
2812
2
2826
1
2847
0
2878
3
2879
1
2890
0
2900
1
2921
3
2951
2
2957
0
2963
1
2984
3
3000
3
3012
2
3024
1
3045
0
3065
4
3076
3
3079
1
3088
0
3100
1
3119
3
3149
2
3155
0
3161
1
3182
3
3200
3
3212
2
3222
1
3243
0
3274
3
3279
1
3286
0
3300
1
3317
3
3347
2
3353
0
3359
1
3380
3
3400
3
3400
1
3412
2
3421
0
3452
3
3479
1
3484
0
3500
1
3515
3
3538
2
3550
3
3562
0
3579
1
3600
1
3600
3
3612
2
3621
0
3652
3
3679
1
3685
0
3700
1
3716
3
3738
2
3750
3
3762
0
3779
1
3800
3
3800
1
3812
2
3821
0
3852
3
3879
1
3886
0
3900
1
3917
3
3938
2
3950
3
3962
0
3979
1
4000
3
4000
1
4012
2
4021
0
4052
3
4065
4
4079
1
4087
0
4100
1
4118
3
4138
2
4150
3
4162
0
4179
1
4200
3
4200
1
4212
2
4221
0
4252
3
4279
1
4288
0
4300
1
4319
3
4338
2
4350
3
4362
0
4379
1
4400
3
4400
1
4412
2
4422
0
4453
3
4479
1
4489
0
4500
1
4520
3
4538
2
4550
3
4562
0
4579
1
4600
3
4600
1
4612
2
4623
0
4654
3
4679
1
4690
0
4700
1
4721
3
4721
2
4750
3
4762
0
4779
1
4800
3
4800
1
4812
2
4824
0
4855
3
4879
1
4891
0
4900
1
4921
3
4922
2
4950
3
4962
0
4979
1
5000
1
5000
3
5012
2
5036
4
5050
1
5057
0
5088
3
5092
0
5100
1
5121
3
5123
2
5150
3
5162
0
5179
1
5200
3
5200
1
5212
2
5226
0
5257
3
5279
1
5293
0
5300
1
5321
3
5324
2
5350
3
5362
0
5379
1
5400
3
5400
1
5412
2
5427
0
5458
3
5479
1
5494
0
5500
1
5521
3
5525
2
5550
3
5562
0
5579
1
5600
3
5600
1
5612
2
5628
0
5659
3
5679
1
5695
0
5700
1
5721
3
5726
2
5750
3
5762
0
5779
1
5800
3
5800
1
5812
2
5829
0
5860
3
5879
1
5896
0
5900
1
5921
3
5927
2
5950
3
5963
0
5979
1
6000
3
6000
1
6012
2
6036
4
6050
1
6057
0
6088
3
6097
0
6100
1
6121
3
6128
2
6150
3
6164
0
6179
1
6200
1
6209
3
6221
2
6231
0
6262
3
6279
1
6298
0
6300
1
6321
3
6329
2
6350
3
6365
0
6379
1
6400
1
6409
3
6421
2
6432
0
6463
3
6479
1
6499
0
6500
1
6521
3
6530
2
6550
3
6566
0
6579
1
6600
1
6609
3
6621
2
6657
0
6679
1
6688
3
6700
0
6700
1
6721
3
6731
2
6750
3
6767
0
6779
1
6829
1
6838
3
6850
2
6857
0
6879
1
6888
3
6900
1
6900
3
6921
2
6937
0
6968
3
6979
1
6980
0
7011
3
7011
1
7032
2
7032
4
7046
0
7077
3
7079
1
7100
3
7100
1
7121
2
7134
0
7165
3
7177
0
7179
1
7204
1
7208
3
7225
2
7243
0
7274
3
7279
1
7300
3
7300
1
7321
2
7331
0
7362
3
7374
0
7379
1
7405
3
7405
1
7426
2
7440
0
7471
3
7479
1
7500
3
7500
1
7521
2
7532
0
7550
1
7563
3
7571
0
7602
3
7629
2
7629
1
7641
0
7672
3
7679
1
7700
1
7700
3
7721
2
7733
0
7750
1
7772
0
7781
3
7803
3
7829
1
7830
2
7842
0
7873
3
7879
1
7900
1
7900
3
7921
2
7942
0
7950
1
7973
0
7982
3
8004
3
8029
1
8031
2
8043
0
8065
4
8074
3
8079
1
8100
3
8100
1
8121
2
8143
0
8150
1
8174
3
8174
0
8205
3
8217
2
8229
1
8244
0
8250
1
8271
3
8300
1
8300
3
8321
2
8331
0
8350
1
8375
0
8384
3
8406
3
8418
2
8429
1
8445
0
8450
1
8471
3
8500
3
8500
1
8521
2
8531
0
8550
1
8576
0
8585
3
8607
3
8619
2
8629
1
8646
0
8650
1
8671
3
8700
3
8700
1
8721
2
8731
0
8750
1
8762
3
8777
0
8808
3
8820
2
8829
1
8847
0
8850
1
8871
3
8900
1
8900
3
8921
2
8931
0
8950
1
8962
3
8978
0
9000
1
9009
3
9021
2
9036
4
9048
0
9050
1
9071
3
9100
3
9100
1
9121
2
9148
0
9150
1
9179
0
9179
3
9200
1
9210
3
9255
2
9261
0
9267
1
9288
3
9300
3
9312
2
9328
1
9349
0
9379
1
9380
3
9392
0
9400
1
9423
3
9453
2
9459
0
9465
1
9486
3
9500
3
9512
2
9526
1
9547
0
9578
3
9579
1
9590
0
9600
1
9621
3
9651
2
9657
0
9663
1
9684
3
9700
3
9712
2
9724
1
9745
0
9776
3
9779
1
9788
0
9800
1
9819
3
9849
2
9855
0
9861
1
9882
3
9900
3
9912
2
9922
1
9943
0
9974
3
9979
1
9986
0
10000
1
10017
3
10039
4
10047
2
10053
0
10059
1
10080
3
10100
1
10100
3
10112
2
10121
0
10152
3
10179
1
10184
0
10200
1
10215
3
10238
2
10250
3
10262
0
10279
1
10300
3
10300
1
10312
2
10321
0
10352
3
10379
1
10385
0
10400
1
10416
3
10438
2
10450
3
10462
0
10479
1
10500
1
10500
3
10512
2
10521
0
10552
3
10579
1
10586
0
10600
1
10617
3
10638
2
10650
3
10662
0
10679
1
10700
3
10700
1
10712
2
10721
0
10752
3
10779
1
10787
0
10800
1
10818
3
10838
2
10850
3
10862
0
10879
1
10900
1
10900
3
10912
2
10921
0
10952
3
10979
1
10988
0
11000
1
11019
3
11038
2
11050
3
11062
0
11065
4
11079
1
11100
3
11100
1
11112
2
11122
0
11153
3
11179
1
11193
0
11200
1
11224
3
11238
2
11250
3
11262
0
11279
1
11300
3
11300
1
11312
2
11323
0
11354
3
11379
1
11390
0
11400
1
11421
3
11421
2
11450
3
11462
0
11479
1
11500
3
11500
1
11512
2
11524
0
11555
3
11579
1
11591
0
11600
1
11621
3
11622
2
11650
3
11662
0
11679
1
11700
3
11700
1
11712
2
11725
0
11756
3
11779
1
11792
0
11800
1
11821
3
11823
2
11850
3
11862
0
11879
1
11900
1
11900
3
11912
2
11926
0
11957
3
11979
1
11993
0
12000
1
12021
3
12024
2
12036
4
12050
3
12062
0
12079
1
12100
3
12100
1
12112
2
12127
0
12158
3
12179
1
12194
0
12200
1
12221
3
12225
2
12250
3
12262
0
12279
1
12300
1
12300
3
12312
2
12328
0
12359
3
12379
1
12395
0
12400
1
12421
3
12426
2
12450
3
12462
0
12479
1
12500
3
12500
1
12512
2
12529
0
12560
3
12579
1
12596
0
12600
1
12621
3
12627
2
12650
3
12663
0
12679
1
12700
1
12700
3
12712
2
12730
0
12761
3
12779
1
12797
0
12800
1
12821
3
12828
2
12850
3
12864
0
12879
1
12900
1
12909
3
12921
2
12931
0
12962
3
12979
1
12998
0
13000
1
13021
3
13029
2
13036
4
13050
3
13065
0
13079
1
13100
1
13109
3
13121
2
13132
0
13163
3
13179
1
13199
0
13200
1
13221
3
13230
2
13250
3
13266
0
13279
1
13300
1
13309
3
13321
2
13357
0
13379
1
13388
3
13400
0
13400
1
13421
3
13431
2
13450
3
13467
0
13479
1
13529
1
13538
3
13550
2
13557
0
13579
1
13588
3
13600
3
13600
1
13621
2
13637
0
13668
3
13679
1
13680
0
13707
1
13711
3
13728
2
13746
0
13777
3
13779
1
13800
1
13800
3
13821
2
13834
0
13865
3
13877
0
13879
1
13904
1
13908
3
13925
2
13943
0
13974
3
13979
1
14000
3
14000
1
14021
2
14031
0
14062
3
14065
4
14074
0
14079
1
14105
1
14105
3
14126
2
14140
0
14171
3
14179
1
14200
1
14200
3
14221
2
14232
0
14250
1
14263
3
14271
0
14302
3
14329
1
14329
2
14341
0
14372
3
14379
1
14400
3
14400
1
14421
2
14433
0
14450
1
14464
3
14472
0
14503
3
14529
1
14530
2
14542
0
14573
3
14579
1
14600
1
14600
3
14621
2
14634
0
14650
1
14665
3
14673
0
14704
3
14729
1
14731
2
14743
0
14774
3
14779
1
14800
3
14800
1
14821
2
14831
0
14850
1
14862
3
14874
0
14905
3
14917
2
14929
1
14944
0
14950
1
14971
3
15000
1
15000
3
15021
2
15031
0
15036
4
15050
1
15062
3
15075
0
15106
3
15118
2
15129
1
15145
0
15150
1
15171
3
15200
3
15200
1
15221
2
15231
0
15250
1
15262
3
15276
0
15307
3
15319
2
15329
1
15346
0
15350
1
15371
3
15400
3
15400
1
15421
2
15431
0
15450
1
15462
3
15477
0
15508
3
15520
2
15529
1
15547
0
15550
1
15571
3
15600
1
15600
3
15621
2
15631
0
15650
1
15662
3
15678
0
15700
1
15709
3
15721
2
15748
0
15750
1
15771
3
15800
3
15800
1
15821
2
15848
0
15850
1
15879
3
15879
0
15900
1
15910
3
15955
2
15961
0
15967
1
15988
3
16000
3
16012
2
16028
1
16049
0
16065
4
16079
1
16080
3
16092
0
16100
1
16123
3
16153
2
16159
0
16165
1
16186
3
16200
3
16212
2
16226
1
16247
0
16278
3
16279
1
16290
0
16300
1
16321
3
16351
2
16357
0
16363
1
16384
3
16400
3
16412
2
16424
1
16445
0
16476
3
16479
1
16488
0
16500
1
16519
3
16549
2
16555
0
16561
1
16582
3
16600
3
16612
2
16622
1
16643
0
16674
3
16679
1
16686
0
16700
1
16717
3
16747
2
16753
0
16759
1
16780
3
16800
3
16800
1
16812
2
16821
0
16852
3
16879
1
16884
0
16900
1
16915
3
16938
2
16950
3
16962
0
16979
1
17000
3
17000
1
17012
2
17021
0
17052
3
17065
4
17079
1
17085
0
17100
1
17116
3
17138
2
17150
3
17162
0
17179
1
17200
3
17200
1
17212
2
17221
0
17252
3
17279
1
17286
0
17300
1
17317
3
17338
2
17350
3
17362
0
17379
1
17400
3
17400
1
17412
2
17421
0
17452
3
17479
1
17487
0
17500
1
17518
3
17538
2
17550
3
17562
0
17579
1
17600
1
17600
3
17612
2
17621
0
17652
3
17679
1
17688
0
17700
1
17719
3
17738
2
17750
3
17762
0
17779
1
17800
1
17800
3
17812
2
17822
0
17853
3
17879
1
17889
0
17900
1
17920
3
17938
2
17950
3
17962
0
17979
1
18000
3
18000
1
18012
2
18036
4
18050
1
18057
0
18088
3
18090
0
18100
1
18121
3
18121
2
18150
3
18162
0
18179
1
18200
1
18200
3
18212
2
18224
0
18255
3
18279
1
18291
0
18300
1
18321
3
18322
2
18350
3
18362
0
18379
1
18400
1
18400
3
18412
2
18425
0
18456
3
18479
1
18492
0
18500
1
18521
3
18523
2
18550
3
18562
0
18579
1
18600
1
18600
3
18612
2
18626
0
18657
3
18679
1
18693
0
18700
1
18721
3
18724
2
18750
3
18762
0
18779
1
18800
3
18800
1
18812
2
18827
0
18858
3
18879
1
18894
0
18900
1
18921
3
18925
2
18950
3
18962
0
18979
1
19000
3
19000
1
19012
2
19036
4
19050
1
19057
0
19088
3
19095
0
19100
1
19121
3
19126
2
19150
3
19162
0
19179
1
19200
3
19200
1
19212
2
19229
0
19260
3
19279
1
19296
0
19300
1
19321
3
19327
2
19350
3
19363
0
19379
1
19400
3
19400
1
19412
2
19430
0
19461
3
19479
1
19497
0
19500
1
19521
3
19528
2
19550
3
19564
0
19579
1
19600
1
19609
3
19621
2
19631
0
19662
3
19679
1
19698
0
19700
1
19721
3
19729
2
19750
3
19765
0
19779
1
19800
1
19809
3
19821
2
19832
0
19863
3
19879
1
19899
0
19900
1
19921
3
19930
2
19950
3
19966
0
19979
1
20000
3
20021
2
20029
1
20033
0
20064
3
20065
4
20079
1
20100
1
20100
0
20121
3
20131
2
20150
3
20167
0
20179
1
20229
1
20238
3
20250
2
20257
0
20279
1
20288
3
20300
1
20300
3
20321
2
20337
0
20368
3
20379
1
20380
0
20407
1
20411
3
20428
2
20446
0
20477
3
20479
1
20500
1
20500
3
20521
2
20534
0
20565
3
20577
0
20579
1
20604
1
20608
3
20625
2
20643
0
20674
3
20679
1
20700
1
20700
3
20721
2
20731
0
20762
3
20774
0
20779
1
20805
3
20805
1
20826
2
20840
0
20871
3
20879
1
20900
1
20900
3
20921
2
20932
0
20950
1
20963
3
20971
0
21002
3
21029
1
21029
2
21041
0
21065
4
21072
3
21079
1
21100
1
21100
3
21121
2
21133
0
21150
1
21164
3
21172
0
21203
3
21229
1
21230
2
21242
0
21273
3
21279
1
21300
3
21300
1
21321
2
21334
0
21350
1
21365
3
21373
0
21404
3
21429
1
21431
2
21443
0
21474
3
21479
1
21500
3
21500
1
21521
2
21531
0
21550
1
21562
3
21574
0
21605
3
21617
2
21629
1
21644
0
21650
1
21671
3
21700
3
21700
1
21721
2
21731
0
21750
1
21762
3
21775
0
21806
3
21818
2
21829
1
21845
0
21850
1
21871
3
21900
3
21900
1
21921
2
21931
0
21950
1
21962
3
21976
0
22004
1
22007
3
22019
2
22036
4
22046
0
22050
1
22071
3
22100
3
22100
1
22121
2
22131
0
22150
1
22162
3
22177
0
22208
3
22220
2
22229
1
22247
0
22250
1
22271
3
22300
1
22300
3
22321
2
22331
0
22350
1
22362
3
22378
0
22400
1
22409
3
22421
2
22448
0
22450
1
22471
3
22500
3
22500
1
22521
2
22548
0
22550
1
22579
3
22579
0
22600
1
22610
3
22655
2
22661
0
22667
1
22688
3
22700
3
22712
2
22728
1
22749
0
22779
1
22780
3
22792
0
22800
1
22823
3
22853
2
22859
0
22865
1
22886
3
22900
3
22912
2
22926
1
22947
0
22978
3
22979
1
22990
0
23000
1
23021
3
23043
4
23051
2
23057
0
23063
1
23084
3
23100
3
23112
2
23124
1
23145
0
23176
3
23179
1
23188
0
23200
1
23219
3
23249
2
23255
0
23261
1
23282
3
23300
3
23312
2
23322
1
23343
0
23374
3
23379
1
23386
0
23400
1
23417
3
23447
2
23453
0
23459
1
23480
3
23500
3
23500
1
23512
2
23521
0
23552
3
23579
1
23584
0
23600
1
23615
3
23638
2
23650
3
23662
0
23679
1
23700
3
23700
1
23712
2
23721
0
23752
3
23779
1
23785
0
23800
1
23816
3
23838
2
23850
3
23862
0
23879
1
23900
1
23900
3
23912
2
23921
0
23952
3
23979
1
23986
0
24000
1
24017
3
24038
2
24050
3
24062
0
24065
4
24079
1
24100
3
24100
1
24112
2
24121
0
24152
3
24179
1
24193
0
24200
1
24224
3
24238
2
24250
3
24262
0
24279
1
24300
1
24300
3
24312
2
24321
0
24352
3
24379
1
24388
0
24400
1
24419
3
24438
2
24450
3
24462
0
24479
1
24500
3
24500
1
24512
2
24522
0
24553
3
24579
1
24589
0
24600
1
24620
3
24638
2
24650
3
24662
0
24679
1
24700
1
24700
3
24712
2
24723
0
24754
3
24779
1
24790
0
24800
1
24821
3
24821
2
24850
3
24862
0
24879
1
24900
1
24900
3
24912
2
24924
0
24955
3
24979
1
24991
0
25000
1
25021
3
25022
2
25036
4
25050
3
25062
0
25079
1
25100
3
25100
1
25112
2
25125
0
25156
3
25179
1
25192
0
25200
1
25221
3
25223
2
25250
3
25262
0
25279
1
25300
3
25300
1
25312
2
25326
0
25357
3
25379
1
25393
0
25400
1
25421
3
25424
2
25450
3
25462
0
25479
1
25500
3
25500
1
25512
2
25527
0
25558
3
25579
1
25594
0
25600
1
25621
3
25625
2
25650
3
25662
0
25679
1
25700
1
25700
3
25712
2
25728
0
25759
3
25779
1
25795
0
25800
1
25821
3
25826
2
25850
3
25862
0
25879
1
25900
3
25900
1
25912
2
25929
0
25960
3
25979
1
25996
0
26000
1
26021
3
26027
2
26036
4
26050
3
26063
0
26079
1
26100
3
26100
1
26112
2
26130
0
26161
3
26179
1
26197
0
26200
1
26221
3
26228
2
26250
3
26264
0
26279
1
26300
1
26309
3
26321
2
26331
0
26362
3
26379
1
26398
0
26400
1
26421
3
26429
2
26450
3
26465
0
26479
1
26500
1
26509
3
26521
2
26532
0
26563
3
26579
1
26599
0
26600
1
26621
3
26630
2
26650
3
26666
0
26679
1
26700
1
26709
3
26721
2
26757
0
26779
1
26788
3
26800
0
26800
1
26821
3
26831
2
26850
3
26867
0
26879
1
26929
1
26938
3
26950
2
26957
0
26979
1
26988
3
27000
3
27000
1
27021
2
27037
0
27065
4
27068
3
27079
1
27080
0
27107
1
27111
3
27128
2
27146
0
27177
3
27179
1
27200
3
27200
1
27221
2
27234
0
27265
3
27277
0
27279
1
27304
1
27308
3
27325
2
27343
0
27374
3
27379
1
27400
1
27400
3
27421
2
27431
0
27462
3
27474
0
27479
1
27505
3
27505
1
27526
2
27540
0
27571
3
27579
1
27600
1
27600
3
27621
2
27632
0
27650
1
27663
3
27671
0
27702
3
27729
2
27729
1
27741
0
27772
3
27779
1
27800
3
27800
1
27821
2
27833
0
27850
1
27864
3
27872
0
27903
3
27929
1
27930
2
27942
0
27973
3
27979
1
28000
1
28000
3
28021
2
28034
0
28036
4
28050
1
28065
3
28073
0
28104
3
28129
1
28131
2
28143
0
28174
3
28179
1
28200
1
28200
3
28221
2
28231
0
28250
1
28262
3
28274
0
28305
3
28317
2
28329
1
28344
0
28350
1
28371
3
28400
3
28400
1
28421
2
28431
0
28450
1
28462
3
28475
0
28506
3
28518
2
28529
1
28545
0
28550
1
28571
3
28600
1
28600
3
28621
2
28631
0
28650
1
28662
3
28676
0
28707
3
28719
2
28729
1
28746
0
28750
1
28771
3
28800
3
28800
1
28821
2
28831
0
28850
1
28862
3
28877
0
28908
3
28920
2
28929
1
28947
0
28950
1
28971
3
29000
1
29000
3
29021
2
29031
0
29036
4
29050
1
29062
3
29078
0
29100
1
29109
3
29121
2
29148
0
29150
1
29171
3
29200
3
29200
1
29221
2
29248
0
29250
1
29279
0
29279
3
29300
1
29310
3
29355
2
29361
0
29367
1
29388
3
29400
3
29412
2
29428
1
29449
0
29479
1
29480
3
29492
0
29500
1
29523
3
29553
2
29559
0
29565
1
29586
3
29600
3
29612
2
29626
1
29647
0
29678
3
29679
1
29690
0
29700
1
29721
3
29751
2
29757
0
29763
1
29784
3
29800
3
29812
2
29824
1
29845
0
29876
3
29879
1
29888
0
29900
1
29919
3
29949
2
29955
0
29961
1
29982
3
30000
3
30012
2
30022
1
30043
0
30065
4
30074
3
30079
1
30086
0
30100
1
30117
3
30147
2
30153
0
30159
1
30180
3
30200
3
30200
1
30212
2
30221
0
30252
3
30279
1
30284
0
30300
1
30315
3
30338
2
30350
3
30362
0
30379
1
30400
1
30400
3
30412
2
30421
0
30452
3
30479
1
30485
0
30500
1
30516
3
30538
2
30550
3
30562
0
30579
1
30600
3
30600
1
30612
2
30621
0
30652
3
30679
1
30686
0
30700
1
30717
3
30738
2
30750
3
30762
0
30779
1
30800
3
30800
1
30812
2
30821
0
30852
3
30879
1
30887
0
30900
1
30918
3
30938
2
30950
3
30962
0
30979
1
31000
3
31000
1
31012
2
31021
0
31052
3
31065
4
31079
1
31088
0
31100
1
31119
3
31138
2
31150
3
31162
0
31179
1
31200
3
31200
1
31212
2
31222
0
31253
3
31279
1
31289
0
31300
1
31320
3
31338
2
31350
3
31362
0
31379
1
31400
1
31400
3
31412
2
31423
0
31454
3
31479
1
31490
0
31500
1
31521
2
31521
3
31550
3
31562
0
31579
1
31600
1
31600
3
31612
2
31624
0
31655
3
31679
1
31691
0
31700
1
31721
3
31722
2
31750
3
31762
0
31779
1
31800
1
31800
3
31812
2
31825
0
31856
3
31879
1
31892
0
31900
1
31921
3
31923
2
31950
3
31962
0
31979
1
32000
3
32000
1
32012
2
32036
4
32050
1
32057
0
32088
3
32093
0
32100
1
32121
3
32124
2
32150
3
32162
0
32179
1
32200
1
32200
3
32212
2
32227
0
32258
3
32279
1
32294
0
32300
1
32321
3
32325
2
32350
3
32362
0
32379
1
32400
3
32400
1
32412
2
32428
0
32459
3
32479
1
32495
0
32500
1
32521
3
32526
2
32550
3
32562
0
32579
1
32600
1
32600
3
32612
2
32629
0
32660
3
32679
1
32696
0
32700
1
32721
3
32727
2
32750
3
32763
0
32779
1
32800
1
32800
3
32812
2
32830
0
32861
3
32879
1
32897
0
32900
1
32921
3
32928
2
32950
3
32964
0
32979
1
33000
3
33000
1
33012
2
33036
4
33050
1
33057
0
33088
3
33098
0
33100
1
33121
3
33129
2
33150
3
33165
0
33179
1
33200
1
33209
3
33221
2
33232
0
33263
3
33279
1
33299
0
33300
1
33321
3
33330
2
33350
3
33366
0
33379
1
33400
1
33409
3
33421
2
33457
0
33479
1
33488
3
33500
1
33500
0
33521
3
33531
2
33550
3
33567
0
33579
1
33629
1
33638
3
33650
2
33657
0
33679
1
33688
3
33700
3
33700
1
33721
2
33737
0
33768
3
33779
1
33780
0
33807
1
33811
3
33828
2
33846
0
33877
3
33879
1
33900
1
33900
3
33921
2
33934
0
33965
3
33977
0
33979
1
34008
1
34008
3
34029
2
34029
4
34043
0
34074
3
34079
1
34100
1
34100
3
34121
2
34131
0
34162
3
34174
0
34179
1
34205
1
34205
3
34226
2
34240
0
34271
3
34279
1
34300
3
34300
1
34321
2
34332
0
34350
1
34363
3
34371
0
34402
3
34429
1
34429
2
34441
0
34472
3
34479
1
34500
3
34500
1
34521
2
34533
0
34550
1
34564
3
34572
0
34603
3
34629
1
34630
2
34642
0
34673
3
34679
1
34700
1
34700
3
34721
2
34734
0
34750
1
34765
3
34773
0
34804
3
34829
1
34831
2
34843
0
34874
3
34879
1
34900
1
34900
3
34921
2
34931
0
34950
1
34962
3
34974
0
35004
1
35005
3
35017
2
35036
4
35044
0
35050
1
35071
3
35100
3
35100
1
35121
2
35131
0
35150
1
35162
3
35175
0
35206
3
35218
2
35229
1
35245
0
35250
1
35271
3
35300
1
35300
3
35321
2
35331
0
35350
1
35362
3
35376
0
35407
3
35419
2
35429
1
35446
0
35450
1
35471
3
35500
3
35500
1
35521
2
35531
0
35550
1
35562
3
35577
0
35608
3
35620
2
35629
1
35647
0
35650
1
35671
3
35700
1
35700
3
35721
2
35731
0
35750
1
35762
3
35778
0
35800
1
35809
3
35821
2
35848
0
35850
1
35871
3
35900
1
35900
3
35921
2
35948
0
35950
1
35979
0
35979
3
36000
1
36010
3
36047
4
36055
2
36061
0
36067
1
36088
3
36100
3
36112
2
36128
1
36149
0
36179
1
36180
3
36192
0
36200
1
36223
3
36253
2
36259
0
36265
1
36286
3
36300
3
36312
2
36326
1
36347
0
36378
3
36379
1
36390
0
36400
1
36421
3
36451
2
36457
0
36463
1
36484
3
36500
3
36512
2
36524
1
36545
0
36576
3
36579
1
36588
0
36600
1
36619
3
36649
2
36655
0
36661
1
36682
3
36700
3
36712
2
36722
1
36743
0
36774
3
36779
1
36786
0
36800
1
36817
3
36847
2
36853
0
36859
1
36880
3
36900
1
36900
3
36912
2
36921
0
36952
3
36979
1
36984
0
37000
1
37015
3
37038
2
37050
3
37062
0
37065
4
37079
1
37100
3
37100
1
37112
2
37121
0
37152
3
37179
1
37185
0
37200
1
37216
3
37238
2
37250
3
37262
0
37279
1
37300
3
37300
1
37312
2
37321
0
37352
3
37379
1
37386
0
37400
1
37417
3
37438
2
37450
3
37462
0
37479
1
37500
3
37500
1
37512
2
37521
0
37552
3
37579
1
37587
0
37600
1
37618
3
37638
2
37650
3
37662
0
37679
1
37700
1
37700
3
37712
2
37721
0
37752
3
37779
1
37788
0
37800
1
37819
3
37838
2
37850
3
37862
0
37879
1
37900
3
37900
1
37912
2
37922
0
37953
3
37979
1
37989
0
38000
1
38020
3
38038
2
38050
3
38062
0
38065
4
38079
1
38100
1
38100
3
38112
2
38123
0
38154
3
38179
1
38190
0
38200
1
38221
3
38221
2
38250
3
38262
0
38279
1
38300
3
38300
1
38312
2
38324
0
38355
3
38379
1
38391
0
38400
1
38421
3
38422
2
38450
3
38462
0
38479
1
38500
1
38500
3
38512
2
38525
0
38556
3
38579
1
38592
0
38600
1
38621
3
38623
2
38650
3
38662
0
38679
1
38700
3
38700
1
38712
2
38726
0
38757
3
38779
1
38793
0
38800
1
38821
3
38824
2
38850
3
38862
0
38879
1
38900
3
38900
1
38912
2
38927
0
38958
3
38979
1
38994
0
39000
1
39021
3
39025
2
39036
4
39050
3
39062
0
39079
1
39100
1
39100
3
39112
2
39128
0
39159
3
39179
1
39195
0
39200
1
39221
3
39226
2
39250
3
39262
0
39279
1
39300
1
39300
3
39312
2
39329
0
39360
3
39379
1
39396
0
39400
1
39421
3
39427
2
39450
3
39463
0
39479
1
39500
1
39500
3
39512
2
39530
0
39561
3
39579
1
39597
0
39600
1
39621
3
39628
2
39650
3
39664
0
39679
1
39700
1
39709
3
39721
2
39731
0
39762
3
39779
1
39798
0
39800
1
39821
3
39829
2
39850
3
39865
0
39879
1
39900
1
39909
3
39921
2
39932
0
39963
3
39979
1
39999
0
40000
1
40021
3
40030
2
40036
4
40050
3
40066
0
40079
1
40100
1
40109
3
40121
2
40157
0
40179
1
40188
3
40200
0
40200
1
40221
3
40231
2
40250
3
40267
0
40279
1
40329
1
40338
3
40350
2
40357
0
40379
1
40388
3
40400
1
40400
3
40421
2
40437
0
40468
3
40479
1
40480
0
40507
1
40511
3
40528
2
40546
0
40577
3
40579
1
40600
3
40600
1
40621
2
40634
0
40665
3
40677
0
40679
1
40704
1
40708
3
40725
2
40743
0
40774
3
40779
1
40800
1
40800
3
40821
2
40831
0
40862
3
40874
0
40879
1
40905
1
40905
3
40926
2
40940
0
40971
3
40979
1
41000
3
41000
1
41021
2
41032
0
41036
4
41050
1
41063
3
41071
0
41102
3
41129
2
41129
1
41141
0
41172
3
41179
1
41200
1
41200
3
41221
2
41233
0
41250
1
41264
3
41272
0
41303
3
41329
1
41330
2
41342
0
41373
3
41379
1
41400
3
41400
1
41421
2
41434
0
41450
1
41465
3
41473
0
41504
3
41529
1
41531
2
41543
0
41574
3
41579
1
41600
1
41600
3
41621
2
41631
0
41650
1
41662
3
41674
0
41705
3
41717
2
41729
1
41744
0
41750
1
41771
3
41800
3
41800
1
41821
2
41831
0
41850
1
41862
3
41875
0
41906
3
41918
2
41929
1
41945
0
41950
1
41971
3
42000
1
42000
3
42021
2
42031
0
42036
4
42050
1
42062
3
42076
0
42107
3
42119
2
42129
1
42146
0
42150
1
42171
3
42200
3
42200
1
42221
2
42231
0
42250
1
42262
3
42277
0
42308
3
42320
2
42329
1
42347
0
42350
1
42371
3
42400
3
42400
1
42421
2
42431
0
42450
1
42462
3
42478
0
42500
1
42509
3
42521
2
42548
0
42550
1
42571
3
42600
3
42600
1
42621
2
42648
0
42650
1
42679
3
42679
0
42700
1
42710
3
42755
2
42761
0
42767
1
42788
3
42800
3
42812
2
42828
1
42849
0
42879
1
42880
3
42892
0
42900
1
42923
3
42953
2
42959
0
42965
1
42986
3
43000
3
43012
2
43026
1
43047
0
43065
4
43078
3
43079
1
43090
0
43100
1
43121
3
43151
2
43157
0
43163
1
43184
3
43200
3
43212
2
43224
1
43245
0
43276
3
43279
1
43288
0
43300
1
43319
3
43349
2
43355
0
43361
1
43382
3
43400
3
43412
2
43422
1
43443
0
43474
3
43479
1
43486
0
43500
1
43517
3
43547
2
43553
0
43559
1
43580
3
43600
3
43600
1
43612
2
43621
0
43652
3
43679
1
43684
0
43700
1
43715
3
43738
2
43750
3
43762
0
43779
1
43800
1
43800
3
43812
2
43821
0
43852
3
43879
1
43885
0
43900
1
43916
3
43938
2
43950
3
43962
0
43979
1
44000
1
44000
3
44012
2
44021
0
44052
3
44065
4
44079
1
44086
0
44100
1
44117
3
44138
2
44150
3
44162
0
44179
1
44200
3
44200
1
44212
2
44221
0
44252
3
44279
1
44287
0
44300
1
44318
3
44338
2
44350
3
44362
0
44379
1
44400
1
44400
3
44412
2
44421
0
44452
3
44479
1
44488
0
44500
1
44519
3
44538
2
44550
3
44562
0
44579
1
44600
3
44600
1
44612
2
44622
0
44653
3
44679
1
44689
0
44700
1
44720
3
44738
2
44750
3
44762
0
44779
1
44800
1
44800
3
44812
2
44823
0
44854
3
44879
1
44890
0
44900
1
44921
3
44921
2
44950
3
44962
0
44979
1
45000
3
45000
1
45012
2
45036
4
45050
1
45057
0
45088
3
45091
0
45100
1
45121
3
45122
2
45150
3
45162
0
45179
1
45200
1
45200
3
45212
2
45225
0
45256
3
45279
1
45292
0
45300
1
45321
3
45323
2
45350
3
45362
0
45379
1
45400
1
45400
3
45412
2
45426
0
45457
3
45479
1
45493
0
45500
1
45521
3
45524
2
45550
3
45562
0
45579
1
45600
3
45600
1
45612
2
45627
0
45658
3
45679
1
45694
0
45700
1
45721
3
45725
2
45750
3
45762
0
45779
1
45800
1
45800
3
45812
2
45828
0
45859
3
45879
1
45895
0
45900
1
45921
3
45926
2
45950
3
45962
0
45979
1
46000
3
46000
1
46012
2
46036
4
46050
1
46057
0
46088
3
46096
0
46100
1
46121
3
46127
2
46150
3
46163
0
46179
1
46200
3
46200
1
46212
2
46230
0
46261
3
46279
1
46297
0
46300
1
46321
3
46328
2
46350
3
46364
0
46379
1
46400
1
46409
3
46421
2
46431
0
46462
3
46479
1
46498
0
46500
1
46521
3
46529
2
46550
3
46565
0
46579
1
46600
1
46609
3
46621
2
46632
0
46663
3
46679
1
46699
0
46700
1
46721
3
46730
2
46750
3
46766
0
46779
1
46800
1
46809
3
46821
2
46857
0
46879
1
46888
3
46900
1
46900
0
46921
3
46931
2
46950
3
46967
0
46979
1
47000
3
47029
1
47045
2
47057
0
47065
4
47079
1
47088
3
47100
1
47100
3
47121
2
47137
0
47168
3
47179
1
47180
0
47207
1
47211
3
47228
2
47246
0
47277
3
47279
1
47300
3
47300
1
47321
2
47334
0
47365
3
47377
0
47379
1
47404
1
47408
3
47425
2
47443
0
47474
3
47479
1
47500
1
47500
3
47521
2
47531
0
47562
3
47574
0
47579
1
47605
3
47605
1
47626
2
47640
0
47671
3
47679
1
47700
1
47700
3
47721
2
47732
0
47750
1
47763
3
47771
0
47802
3
47829
1
47829
2
47841
0
47872
3
47879
1
47900
1
47900
3
47921
2
47933
0
47950
1
47964
3
47972
0
48003
3
48029
1
48030
2
48042
0
48065
4
48073
3
48079
1
48100
1
48100
3
48121
2
48134
0
48150
1
48165
3
48173
0
48204
3
48229
1
48231
2
48243
0
48274
3
48279
1
48300
1
48300
3
48321
2
48331
0
48350
1
48362
3
48374
0
48405
3
48417
2
48429
1
48444
0
48450
1
48471
3
48500
3
48500
1
48521
2
48531
0
48550
1
48562
3
48575
0
48606
3
48618
2
48629
1
48645
0
48650
1
48671
3
48700
1
48700
3
48721
2
48731
0
48750
1
48762
3
48776
0
48807
3
48819
2
48829
1
48846
0
48850
1
48871
3
48900
1
48900
3
48921
2
48931
0
48950
1
48962
3
48977
0
49004
1
49008
3
49020
2
49036
4
49047
0
49050
1
49071
3
49100
3
49100
1
49121
2
49131
0
49150
1
49162
3
49178
0
49200
1
49209
3
49221
2
49248
0
49250
1
49271
3
49300
1
49300
3
49321
2
49348
0
49350
1
49379
3
49379
0
49400
1
49410
3
49455
2
49461
0
49467
1
49488
3
49500
3
49512
2
49528
1
49549
0
49579
1
49580
3
49592
0
49600
1
49623
3
49653
2
49659
0
49665
1
49686
3
49700
3
49712
2
49726
1
49747
0
49778
3
49779
1
49790
0
49800
1
49821
3
49851
2
49857
0
49863
1
49884
3
49900
3
49912
2
49924
1
49945
0
49976
3
49979
1
49988
0
50000
1
50019
3
50041
4
50049
2
50055
0
50061
1
50082
3
50100
3
50112
2
50122
1
50143
0
50174
3
50179
1
50186
0
50200
1
50217
3
50247
2
50253
0
50259
1
50280
3
50300
3
50300
1
50312
2
50321
0
50352
3
50379
1
50384
0
50400
1
50415
3
50438
2
50450
3
50462
0
50479
1
50500
3
50500
1
50512
2
50521
0
50552
3
50579
1
50585
0
50600
1
50616
3
50638
2
50650
3
50662
0
50679
1
50700
3
50700
1
50712
2
50721
0
50752
3
50779
1
50786
0
50800
1
50817
3
50838
2
50850
3
50862
0
50879
1
50900
3
50900
1
50912
2
50921
0
50952
3
50979
1
50987
0
51000
1
51018
3
51038
2
51050
3
51062
0
51065
4
51079
1
51100
3
51100
1
51112
2
51121
0
51152
3
51179
1
51188
0
51200
1
51219
3
51238
2
51250
3
51262
0
51279
1
51300
1
51300
3
51312
2
51322
0
51353
3
51379
1
51389
0
51400
1
51420
3
51438
2
51450
3
51462
0
51479
1
51500
3
51500
1
51512
2
51523
0
51554
3
51579
1
51590
0
51600
1
51621
2
51621
3
51650
3
51662
0
51679
1
51700
1
51700
3
51712
2
51724
0
51755
3
51779
1
51791
0
51800
1
51821
3
51822
2
51850
3
51862
0
51879
1
51900
3
51900
1
51912
2
51925
0
51956
3
51979
1
51992
0
52000
1
52021
3
52023
2
52036
4
52050
3
52062
0
52079
1
52100
3
52100
1
52112
2
52126
0
52157
3
52179
1
52193
0
52200
1
52221
3
52224
2
52250
3
52262
0
52279
1
52300
1
52300
3
52312
2
52327
0
52358
3
52379
1
52394
0
52400
1
52421
3
52425
2
52450
3
52462
0
52479
1
52500
3
52500
1
52512
2
52528
0
52559
3
52579
1
52595
0
52600
1
52621
3
52626
2
52650
3
52662
0
52679
1
52700
1
52700
3
52712
2
52729
0
52760
3
52779
1
52796
0
52800
1
52821
3
52827
2
52850
3
52863
0
52879
1
52900
3
52900
1
52912
2
52930
0
52961
3
52979
1
52997
0
53000
1
53021
3
53028
2
53036
4
53050
3
53064
0
53079
1
53100
1
53109
3
53121
2
53131
0
53162
3
53179
1
53198
0
53200
1
53221
3
53229
2
53250
3
53265
0
53279
1
53300
1
53309
3
53321
2
53332
0
53363
3
53379
1
53399
0
53400
1
53421
3
53430
2
53450
3
53466
0
53479
1
53500
1
53509
3
53521
2
53557
0
53579
1
53588
3
53600
0
53600
1
53621
3
53631
2
53650
3
53667
0
53679
1
53729
1
53738
3
53750
2
53757
0
53779
1
53788
3
53800
1
53800
3
53821
2
53837
0
53868
3
53879
1
53880
0
53907
1
53911
3
53928
2
53946
0
53977
3
53979
1
54000
3
54000
1
54021
2
54034
0
54065
4
54065
3
54077
0
54079
1
54104
1
54108
3
54125
2
54143
0
54174
3
54179
1
54200
3
54200
1
54221
2
54231
0
54262
3
54274
0
54279
1
54305
1
54305
3
54326
2
54340
0
54371
3
54379
1
54400
3
54400
1
54421
2
54432
0
54450
1
54463
3
54471
0
54502
3
54529
2
54529
1
54541
0
54572
3
54579
1
54600
1
54600
3
54621
2
54633
0
54650
1
54664
3
54672
0
54703
3
54729
1
54730
2
54742
0
54773
3
54779
1
54800
1
54800
3
54821
2
54834
0
54850
1
54865
3
54873
0
54904
3
54929
1
54931
2
54943
0
54974
3
54979
1
55000
3
55000
1
55021
2
55031
0
55036
4
55050
1
55062
3
55074
0
55105
3
55117
2
55129
1
55144
0
55150
1
55171
3
55200
3
55200
1
55221
2
55231
0
55250
1
55262
3
55275
0
55306
3
55318
2
55329
1
55345
0
55350
1
55371
3
55400
1
55400
3
55421
2
55431
0
55450
1
55462
3
55476
0
55507
3
55519
2
55529
1
55546
0
55550
1
55571
3
55600
3
55600
1
55621
2
55631
0
55650
1
55662
3
55677
0
55708
3
55720
2
55729
1
55747
0
55750
1
55771
3
55800
1
55800
3
55821
2
55831
0
55850
1
55862
3
55878
0
55900
1
55909
3
55921
2
55948
0
55950
1
55971
3
56000
3
56000
1
56021
2
56036
4
56048
0
56050
1
56079
3
56079
0
56100
1
56110
3
56155
2
56161
0
56167
1
56188
3
56200
3
56212
2
56228
1
56249
0
56279
1
56280
3
56292
0
56300
1
56323
3
56353
2
56359
0
56365
1
56386
3
56400
3
56412
2
56426
1
56447
0
56478
3
56479
1
56490
0
56500
1
56521
3
56551
2
56557
0
56563
1
56584
3
56600
3
56612
2
56624
1
56645
0
56676
3
56679
1
56688
0
56700
1
56719
3
56749
2
56755
0
56761
1
56782
3
56800
3
56812
2
56822
1
56843
0
56874
3
56879
1
56886
0
56900
1
56917
3
56947
2
56953
0
56959
1
56980
3
57000
3
57000
1
57012
2
57021
0
57052
3
57065
4
57079
1
57084
0
57100
1
57115
3
57138
2
57150
3
57162
0
57179
1
57200
3
57200
1
57212
2
57221
0
57252
3
57279
1
57285
0
57300
1
57316
3
57338
2
57350
3
57362
0
57379
1
57400
1
57400
3
57412
2
57421
0
57452
3
57479
1
57486
0
57500
1
57517
3
57538
2
57550
3
57562
0
57579
1
57600
1
57600
3
57612
2
57621
0
57652
3
57679
1
57687
0
57700
1
57718
3
57738
2
57750
3
57762
0
57779
1
57800
1
57800
3
57812
2
57821
0
57852
3
57879
1
57888
0
57900
1
57919
3
57938
2
57950
3
57962
0
57979
1
58000
1
58000
3
58012
2
58036
4
58050
1
58057
0
58088
3
58089
0
58100
1
58120
3
58138
2
58150
3
58162
0
58179
1
58200
1
58200
3
58212
2
58223
0
58254
3
58279
1
58290
0
58300
1
58321
3
58321
2
58350
3
58362
0
58379
1
58400
1
58400
3
58412
2
58424
0
58455
3
58479
1
58491
0
58500
1
58521
3
58522
2
58550
3
58562
0
58579
1
58600
1
58600
3
58612
2
58625
0
58656
3
58679
1
58692
0
58700
1
58721
3
58723
2
58750
3
58762
0
58779
1
58800
1
58800
3
58812
2
58826
0
58857
3
58879
1
58893
0
58900
1
58921
3
58924
2
58950
3
58962
0
58979
1
59000
1
59000
3
59012
2
59036
4
59050
1
59057
0
59088
3
59094
0
59100
1
59121
3
59125
2
59150
3
59162
0
59179
1
59200
3
59200
1
59212
2
59228
0
59259
3
59279
1
59295
0
59300
1
59321
3
59326
2
59350
3
59362
0
59379
1
59400
1
59400
3
59412
2
59429
0
59460
3
59479
1
59496
0
59500
1
59521
3
59527
2
59550
3
59563
0
59579
1
59600
1
59600
3
59612
2
59630
0
59661
3
59679
1
59697
0
59700
1
59721
3
59728
2
59750
3
59764
0
59779
1
59800
1
59809
3
59821
2
59831
0
59862
3
59879
1
59898
0
59900
1
59921
3
59929
2
59950
3
59965
0
59979
1
60000
3
60000
1
60012
2
60036
4
60050
1
60057
0
60088
3
60099
0
60100
1
60121
3
60130
2
60150
3
60166
0
60179
1
60200
1
60209
3
60221
2
60257
0
60279
1
60288
3
60300
1
60300
0
60321
3
60331
2
60350
3
60367
0
60379
1
60429
1
60438
3
60450
2
60457
0
60479
1
60488
3
60500
3
60500
1
60521
2
60537
0
60568
3
60579
1
60580
0
60607
1
60611
3
60628
2
60646
0
60677
3
60679
1
60700
3
60700
1
60721
2
60734
0
60765
3
60777
0
60779
1
60804
1
60808
3
60825
2
60843
0
60874
3
60879
1
60900
3
60900
1
60921
2
60931
0
60962
3
60974
0
60979
1
61005
1
61005
3
61026
2
61026
4
61040
0
61071
3
61079
1
61100
3
61100
1
61121
2
61132
0
61150
1
61163
3
61171
0
61202
3
61229
1
61229
2
61241
0
61272
3
61279
1
61300
3
61300
1
61321
2
61333
0
61350
1
61364
3
61372
0
61403
3
61429
1
61430
2
61442
0
61473
3
61479
1
61500
3
61500
1
61521
2
61534
0
61550
1
61565
3
61573
0
61604
3
61629
1
61631
2
61643
0
61674
3
61679
1
61700
1
61700
3
61721
2
61731
0
61750
1
61762
3
61774
0
61805
3
61817
2
61829
1
61844
0
61850
1
61871
3
61900
3
61900
1
61921
2
61931
0
61950
1
61962
3
61975
0
62004
1
62006
3
62018
2
62036
4
62045
0
62050
1
62071
3
62100
1
62100
3
62121
2
62131
0
62150
1
62162
3
62176
0
62207
3
62219
2
62229
1
62246
0
62250
1
62271
3
62300
1
62300
3
62321
2
62331
0
62350
1
62362
3
62377
0
62408
3
62420
2
62429
1
62447
0
62450
1
62471
3
62500
1
62500
3
62521
2
62531
0
62550
1
62562
3
62578
0
62600
1
62609
3
62621
2
62648
0
62650
1
62671
3
62700
3
62700
1
62721
2
62748
0
62750
1
62779
3
62779
0
62800
1
62810
3
62855
2
62861
0
62867
1
62888
3
62900
3
62912
2
62928
1
62949
0
62979
1
62980
3
62992
0
63000
1
63023
3
63045
4
63053
2
63059
0
63065
1
63086
3
63100
3
63112
2
63126
1
63147
0
63178
3
63179
1
63190
0
63200
1
63221
3
63251
2
63257
0
63263
1
63284
3
63300
3
63312
2
63324
1
63345
0
63376
3
63379
1
63388
0
63400
1
63419
3
63449
2
63455
0
63461
1
63482
3
63500
3
63512
2
63522
1
63543
0
63574
3
63579
1
63586
0
63600
1
63617
3
63647
2
63653
0
63659
1
63680
3
63700
1
63700
3
63712
2
63721
0
63752
3
63779
1
63784
0
63800
1
63815
3
63838
2
63850
3
63862
0
63879
1
63900
1
63900
3
63912
2
63921
0
63952
3
63979
1
63985
0
64000
1
64016
3
64038
2
64050
3
64062
0
64065
4
64079
1
64100
1
64100
3
64112
2
64121
0
64152
3
64179
1
64186
0
64200
1
64217
3
64238
2
64250
3
64262
0
64279
1
64300
1
64300
3
64312
2
64321
0
64352
3
64379
1
64387
0
64400
1
64418
3
64438
2
64450
3
64462
0
64479
1
64500
3
64500
1
64512
2
64521
0
64552
3
64579
1
64588
0
64600
1
64619
3
64638
2
64650
3
64662
0
64679
1
64700
3
64700
1
64712
2
64722
0
64753
3
64779
1
64789
0
64800
1
64820
3
64838
2
64850
3
64862
0
64879
1
64900
3
64900
1
64912
2
64923
0
64954
3
64979
1
64990
0
65000
1
65021
3
65021
2
65050
3
65062
0
65065
4
65079
1
65100
3
65100
1
65112
2
65124
0
65155
3
65179
1
65191
0
65200
1
65221
3
65222
2
65250
3
65262
0
65279
1
65300
1
65300
3
65312
2
65325
0
65356
3
65379
1
65392
0
65400
1
65421
3
65423
2
65450
3
65462
0
65479
1
65500
1
65500
3
65512
2
65526
0
65557
3
65579
1
65593
0
65600
1
65621
3
65624
2
65650
3
65662
0
65679
1
65700
3
65700
1
65712
2
65727
0
65758
3
65779
1
65794
0
65800
1
65821
3
65825
2
65850
3
65862
0
65879
1
65900
1
65900
3
65912
2
65928
0
65959
3
65979
1
65995
0
66000
1
66021
3
66026
2
66036
4
66050
3
66062
0
66079
1
66100
3
66100
1
66112
2
66129
0
66160
3
66179
1
66196
0
66200
1
66221
3
66227
2
66250
3
66263
0
66279
1
66300
3
66300
1
66312
2
66330
0
66361
3
66379
1
66397
0
66400
1
66421
3
66428
2
66450
3
66464
0
66479
1
66500
1
66509
3
66521
2
66531
0
66562
3
66579
1
66598
0
66600
1
66621
3
66629
2
66650
3
66665
0
66679
1
66700
1
66709
3
66721
2
66732
0
66763
3
66779
1
66799
0
66800
1
66821
3
66830
2
66850
3
66866
0
66879
1
66900
1
66909
3
66921
2
66957
0
66979
1
66988
3
