2
67000
4417
10
2
0, 2, 3, 
1, 2, 3, 
0
0
0
1
21
3
31
2
33
4
50
3
50
1
67
0
100
3
100
1
112
2
134
0
150
1
165
3
200
3
200
1
212
0
221
2
250
3
250
1
268
0
300
3
300
1
312
2
335
0
350
1
366
3
400
3
400
1
412
0
421
2
450
1
450
3
469
0
500
3
500
1
512
2
536
0
550
1
567
3
600
3
600
1
612
0
621
2
650
3
650
1
670
0
700
1
701
3
713
2
737
0
750
1
768
3
800
3
800
1
812
0
821
2
850
1
850
3
871
0
900
1
902
3
914
2
938
0
950
1
969
3
1000
3
1000
1
1012
0
1021
2
1033
4
1050
3
1050
1
1072
0
1100
1
1103
3
1115
2
1139
0
1150
1
1170
3
1200
3
1200
1
1212
0
1221
2
1250
3
1250
1
1273
0
1300
1
1304
3
1316
2
1340
0
1350
1
1371
3
1400
1
1400
3
1412
0
1421
2
1450
1
1450
3
1474
0
1500
1
1505
3
1517
2
1541
0
1550
1
1571
3
1600
1
1600
3
1612
0
1621
2
1650
3
1650
1
1675
0
1700
1
1706
3
1718
2
1742
0
1750
1
1771
3
1800
3
1800
1
1812
0
1821
2
1850
3
1850
1
1876
0
1900
1
1907
3
1919
2
1943
0
1950
1
1971
3
2000
1
2000
3
2012
0
2021
2
2033
4
2050
1
2050
3
2077
0
2100
1
2108
3
2120
2
2144
0
2150
1
2171
3
2200
3
2200
1
2212
0
2221
2
2250
3
2250
1
2278
0
2300
1
2309
3
2321
2
2345
0
2350
1
2371
3
2400
3
2400
1
2412
0
2421
2
2450
3
2450
1
2479
0
2500
1
2510
3
2521
2
2546
0
2550
1
2571
3
2600
1
2600
3
2612
2
2621
0
2650
1
2652
3
2680
0
2700
1
2711
3
2721
2
2747
0
2750
1
2771
3
2800
3
2800
1
2812
2
2821
0
2850
1
2852
3
2881
0
2900
1
2912
3
2921
2
2948
0
2950
1
2971
3
3000
1
3000
3
3012
2
3021
0
3024
4
3050
1
3052
3
3082
0
3100
1
3113
3
3121
2
3149
0
3150
1
3171
3
3200
3
3200
1
3212
2
3221
0
3250
1
3252
3
3283
0
3300
1
3314
3
3321
2
3350
0
3350
1
3371
3
3400
1
3400
3
3412
2
3421
0
3450
1
3452
3
3484
0
3500
1
3515
3
3521
2
3550
3
3550
1
3562
0
3600
1
3600
3
3612
2
3621
0
3650
1
3652
3
3685
0
3700
1
3716
3
3721
2
3750
1
3750
3
3762
0
3800
1
3800
3
3812
2
3821
0
3850
1
3852
3
3886
0
3900
1
3917
3
3921
2
3950
1
3950
3
3962
0
4000
1
4000
3
4012
2
4021
0
4024
4
4050
1
4052
3
4087
0
4100
1
4118
3
4121
2
4150
3
4150
1
4162
0
4200
3
4200
1
4212
2
4221
0
4250
1
4252
3
4288
0
4300
1
4319
3
4321
2
4350
1
4350
3
4362
0
4400
3
4400
1
4412
2
4422
0
4450
1
4453
3
4489
0
4500
1
4520
3
4521
2
4550
1
4550
3
4562
0
4600
1
4600
3
4612
2
4623
0
4650
1
4654
3
4690
0
4700
1
4721
3
4721
2
4750
1
4750
3
4762
0
4800
1
4800
3
4812
2
4824
0
4850
1
4855
3
4891
0
4900
1
4921
3
4922
2
4950
1
4950
3
4962
0
5000
3
5000
1
5012
2
5021
4
5025
0
5050
1
5056
3
5092
0
5100
1
5121
3
5123
2
5150
3
5150
1
5162
0
5200
3
5200
1
5212
2
5226
0
5250
1
5257
3
5293
0
5300
1
5321
3
5324
2
5350
1
5350
3
5362
0
5400
1
5400
3
5412
2
5427
0
5450
1
5458
3
5494
0
5500
1
5521
3
5525
2
5550
3
5550
1
5562
0
5600
1
5600
3
5612
2
5628
0
5650
1
5659
3
5695
0
5700
1
5721
3
5726
2
5750
3
5750
1
5762
0
5800
1
5800
3
5812
2
5829
0
5850
1
5860
3
5896
0
5900
1
5921
3
5927
2
5950
3
5950
1
5963
0
6000
3
6000
1
6012
2
6021
4
6030
0
6050
1
6061
3
6097
0
6100
1
6121
3
6128
2
6150
3
6150
1
6164
0
6200
3
6200
1
6212
2
6231
0
6250
1
6262
3
6298
0
6300
1
6321
3
6329
2
6350
3
6350
1
6365
0
6400
3
6400
1
6412
2
6432
0
6450
1
6463
3
6499
0
6500
1
6521
3
6530
2
6550
1
6550
3
6566
0
6600
1
6600
3
6612
2
6633
0
6650
1
6664
3
6700
1
6700
0
6721
3
6731
2
6750
1
6750
3
6767
0
6800
1
6800
3
6812
2
6834
0
6850
1
6865
3
6900
3
6900
1
6912
0
6921
2
6950
1
6950
3
6968
0
7000
1
7000
3
7012
2
7021
4
7035
0
7050
1
7066
3
7100
1
7100
3
7112
0
7121
2
7150
1
7150
3
7169
0
7200
1
7200
3
7212
2
7236
0
7250
1
7267
3
7300
3
7300
1
7312
0
7321
2
7350
1
7350
3
7370
0
7400
1
7401
3
7413
2
7437
0
7450
1
7468
3
7500
3
7500
1
7512
0
7521
2
7550
3
7550
1
7571
0
7600
1
7602
3
7614
2
7638
0
7650
1
7669
3
7700
1
7700
3
7712
0
7721
2
7750
1
7750
3
7772
0
7800
1
7803
3
7815
2
7839
0
7850
1
7870
3
7900
1
7900
3
7912
0
7921
2
7950
3
7950
1
7973
0
8000
1
8004
3
8016
2
8021
4
8040
0
8050
1
8071
3
8100
3
8100
1
8112
0
8121
2
8150
3
8150
1
8174
0
8200
1
8205
3
8217
2
8241
0
8250
1
8271
3
8300
3
8300
1
8312
0
8321
2
8350
3
8350
1
8375
0
8400
1
8406
3
8418
2
8442
0
8450
1
8471
3
8500
3
8500
1
8512
0
8521
2
8550
3
8550
1
8576
0
8600
1
8607
3
8619
2
8643
0
8650
1
8671
3
8700
3
8700
1
8712
0
8721
2
8750
3
8750
1
8777
0
8800
1
8808
3
8820
2
8844
0
8850
1
8871
3
8900
1
8900
3
8912
0
8921
2
8950
1
8950
3
8978
0
9000
1
9009
3
9021
4
9021
2
9045
0
9050
1
9071
3
9100
1
9100
3
9112
0
9121
2
9150
3
9150
1
9179
0
9200
1
9210
3
9221
2
9246
0
9250
1
9271
3
9300
3
9300
1
9312
2
9321
0
9350
1
9352
3
9380
0
9400
1
9411
3
9421
2
9447
0
9450
1
9471
3
9500
3
9500
1
9512
2
9521
0
9550
1
9552
3
9581
0
9600
1
9612
3
9621
2
9648
0
9650
1
9671
3
9700
3
9700
1
9712
2
9721
0
9750
1
9752
3
9782
0
9800
1
9813
3
9821
2
9849
0
9850
1
9871
3
9900
3
9900
1
9912
2
9921
0
9950
1
9952
3
9983
0
10000
1
10014
3
10021
2
10026
4
10050
1
10050
0
10071
3
10100
1
10100
3
10112
2
10121
0
10150
1
10152
3
10184
0
10200
1
10215
3
10221
2
10250
1
10250
3
10262
0
10300
1
10300
3
10312
2
10321
0
10350
1
10352
3
10385
0
10400
1
10416
3
10421
2
10450
1
10450
3
10462
0
10500
3
10500
1
10512
2
10521
0
10550
1
10552
3
10586
0
10600
1
10617
3
10621
2
10650
3
10650
1
10662
0
10700
3
10700
1
10712
2
10721
0
10750
1
10752
3
10787
0
10800
1
10818
3
10821
2
10850
1
10850
3
10862
0
10900
3
10900
1
10912
2
10921
0
10950
1
10952
3
10988
0
11000
1
11019
3
11021
2
11031
4
11050
1
11050
3
11062
0
11100
3
11100
1
11112
2
11122
0
11150
1
11153
3
11189
0
11200
1
11220
3
11221
2
11250
1
11250
3
11262
0
11300
3
11300
1
11312
2
11323
0
11350
1
11354
3
11390
0
11400
1
11421
3
11421
2
11450
1
11450
3
11462
0
11500
1
11500
3
11512
2
11524
0
11550
1
11555
3
11591
0
11600
1
11621
3
11622
2
11650
3
11650
1
11662
0
11700
3
11700
1
11712
2
11725
0
11750
1
11756
3
11792
0
11800
1
11821
3
11823
2
11850
1
11850
3
11862
0
11900
3
11900
1
11912
2
11926
0
11950
1
11957
3
11993
0
12000
1
12021
3
12024
2
12033
4
12050
1
12050
3
12062
0
12100
1
12100
3
12112
2
12127
0
12150
1
12158
3
12194
0
12200
1
12221
3
12225
2
12250
1
12250
3
12262
0
12300
1
12300
3
12312
2
12328
0
12350
1
12359
3
12395
0
12400
1
12421
3
12426
2
12450
1
12450
3
12462
0
12500
1
12500
3
12512
2
12529
0
12550
1
12560
3
12596
0
12600
1
12621
3
12627
2
12650
1
12650
3
12663
0
12700
1
12700
3
12712
2
12730
0
12750
1
12761
3
12797
0
12800
1
12821
3
12828
2
12850
3
12850
1
12864
0
12900
3
12900
1
12912
2
12931
0
12950
1
12962
3
12998
0
13000
1
13021
3
13029
2
13033
4
13050
3
13050
1
13065
0
13100
3
13100
1
13112
2
13132
0
13150
1
13163
3
13199
0
13200
1
13221
3
13230
2
13250
1
13250
3
13266
0
13300
3
13300
1
13312
2
13333
0
13350
1
13364
3
13400
1
13400
0
13421
3
13431
2
13450
3
13450
1
13467
0
13500
3
13500
1
13512
2
13534
0
13550
1
13565
3
13600
1
13600
3
13612
0
13621
2
13650
3
13650
1
13668
0
13700
3
13700
1
13712
2
13735
0
13750
1
13766
3
13800
3
13800
1
13812
0
13821
2
13850
3
13850
1
13869
0
13900
1
13900
3
13912
2
13936
0
13950
1
13967
3
14000
1
14000
3
14012
0
14021
2
14033
4
14050
3
14050
1
14070
0
14100
1
14101
3
14113
2
14137
0
14150
1
14168
3
14200
3
14200
1
14212
0
14221
2
14250
1
14250
3
14271
0
14300
1
14302
3
14314
2
14338
0
14350
1
14369
3
14400
3
14400
1
14412
0
14421
2
14450
1
14450
3
14472
0
14500
1
14503
3
14515
2
14539
0
14550
1
14570
3
14600
1
14600
3
14612
0
14621
2
14650
1
14650
3
14673
0
14700
1
14704
3
14716
2
14740
0
14750
1
14771
3
14800
3
14800
1
14812
0
14821
2
14850
3
14850
1
14874
0
14900
1
14905
3
14917
2
14941
0
14950
1
14971
3
15000
1
15000
3
15012
0
15021
2
15033
4
15050
3
15050
1
15075
0
15100
1
15106
3
15118
2
15142
0
15150
1
15171
3
15200
3
15200
1
15212
0
15221
2
15250
3
15250
1
15276
0
15300
1
15307
3
15319
2
15343
0
15350
1
15371
3
15400
3
15400
1
15412
0
15421
2
15450
1
15450
3
15477
0
15500
1
15508
3
15520
2
15544
0
15550
1
15571
3
15600
1
15600
3
15612
0
15621
2
15650
1
15650
3
15678
0
15700
1
15709
3
15721
2
15745
0
15750
1
15771
3
15800
1
15800
3
15812
0
15821
2
15850
1
15850
3
15879
0
15900
1
15910
3
15921
2
15946
0
15950
1
15971
3
16000
3
16000
1
16012
2
16021
0
16024
4
16050
1
16052
3
16080
0
16100
1
16111
3
16121
2
16147
0
16150
1
16171
3
16200
1
16200
3
16212
2
16221
0
16250
1
16252
3
16281
0
16300
1
16312
3
16321
2
16348
0
16350
1
16371
3
16400
3
16400
1
16412
2
16421
0
16450
1
16452
3
16482
0
16500
1
16513
3
16521
2
16549
0
16550
1
16571
3
16600
3
16600
1
16612
2
16621
0
16650
1
16652
3
16683
0
16700
1
16714
3
16721
2
16750
0
16750
1
16771
3
16800
3
16800
1
16812
2
16821
0
16850
1
16852
3
16884
0
16900
1
16915
3
16921
2
16950
1
16950
3
16962
0
17000
1
17000
3
17012
2
17021
0
17024
4
17050
1
17052
3
17085
0
17100
1
17116
3
17121
2
17150
3
17150
1
17162
0
17200
1
17200
3
17212
2
17221
0
17250
1
17252
3
17286
0
17300
1
17317
3
17321
2
17350
1
17350
3
17362
0
17400
3
17400
1
17412
2
17421
0
17450
1
17452
3
17487
0
17500
1
17518
3
17521
2
17550
1
17550
3
17562
0
17600
1
17600
3
17612
2
17621
0
17650
1
17652
3
17688
0
17700
1
17719
3
17721
2
17750
3
17750
1
17762
0
17800
1
17800
3
17812
2
17822
0
17850
1
17853
3
17889
0
17900
1
17920
3
17921
2
17950
1
17950
3
17962
0
18000
3
18000
1
18012
2
18021
4
18024
0
18050
1
18055
3
18090
0
18100
1
18121
3
18121
2
18150
1
18150
3
18162
0
18200
1
18200
3
18212
2
18224
0
18250
1
18255
3
18291
0
18300
1
18321
3
18322
2
18350
3
18350
1
18362
0
18400
1
18400
3
18412
2
18425
0
18450
1
18456
3
18492
0
18500
1
18521
3
18523
2
18550
3
18550
1
18562
0
18600
3
18600
1
18612
2
18626
0
18650
1
18657
3
18693
0
18700
1
18721
3
18724
2
18750
1
18750
3
18762
0
18800
1
18800
3
18812
2
18827
0
18850
1
18858
3
18894
0
18900
1
18921
3
18925
2
18950
1
18950
3
18962
0
19000
3
19000
1
19012
2
19021
4
19028
0
19050
1
19059
3
19095
0
19100
1
19121
3
19126
2
19150
1
19150
3
19162
0
19200
1
19200
3
19212
2
19229
0
19250
1
19260
3
19296
0
19300
1
19321
3
19327
2
19350
1
19350
3
19363
0
19400
1
19400
3
19412
2
19430
0
19450
1
19461
3
19497
0
19500
1
19521
3
19528
2
19550
1
19550
3
19564
0
19600
3
19600
1
19612
2
19631
0
19650
1
19662
3
19698
0
19700
1
19721
3
19729
2
19750
1
19750
3
19765
0
19800
3
19800
1
19812
2
19832
0
19850
1
19863
3
19899
0
19900
1
19921
3
19930
2
19950
1
19950
3
19966
0
20000
3
20000
1
20012
2
20021
4
20033
0
20050
1
20064
3
20100
0
20100
1
20121
3
20131
2
20150
1
20150
3
20167
0
20200
1
20200
3
20212
2
20234
0
20250
1
20265
3
20300
1
20300
3
20312
0
20321
2
20350
1
20350
3
20368
0
20400
1
20400
3
20412
2
20435
0
20450
1
20466
3
20500
1
20500
3
20512
0
20521
2
20550
3
20550
1
20569
0
20600
3
20600
1
20612
2
20636
0
20650
1
20667
3
20700
1
20700
3
20712
0
20721
2
20750
1
20750
3
20770
0
20800
1
20801
3
20813
2
20837
0
20850
1
20868
3
20900
3
20900
1
20912
0
20921
2
20950
3
20950
1
20971
0
21000
1
21002
3
21014
2
21021
4
21038
0
21050
1
21069
3
21100
1
21100
3
21112
0
21121
2
21150
1
21150
3
21172
0
21200
1
21203
3
21215
2
21239
0
21250
1
21270
3
21300
3
21300
1
21312
0
21321
2
21350
1
21350
3
21373
0
21400
1
21404
3
21416
2
21440
0
21450
1
21471
3
21500
1
21500
3
21512
0
21521
2
21550
3
21550
1
21574
0
21600
1
21605
3
21617
2
21641
0
21650
1
21671
3
21700
3
21700
1
21712
0
21721
2
21750
3
21750
1
21775
0
21800
1
21806
3
21818
2
21842
0
21850
1
21871
3
21900
1
21900
3
21912
0
21921
2
21950
3
21950
1
21976
0
22000
1
22007
3
22019
2
22021
4
22043
0
22050
1
22071
3
22100
1
22100
3
22112
0
22121
2
22150
1
22150
3
22177
0
22200
1
22208
3
22220
2
22244
0
22250
1
22271
3
22300
3
22300
1
22312
0
22321
2
22350
1
22350
3
22378
0
22400
1
22409
3
22421
2
22445
0
22450
1
22471
3
22500
1
22500
3
22512
0
22521
2
22550
3
22550
1
22579
0
22600
1
22610
3
22621
2
22646
0
22650
1
22671
3
22700
3
22700
1
22712
2
22721
0
22750
1
22752
3
22780
0
22800
1
22811
3
22821
2
22847
0
22850
1
22871
3
22900
1
22900
3
22912
2
22921
0
22950
1
22952
3
22981
0
23000
1
23012
3
23021
2
23024
4
23048
0
23050
1
23071
3
23100
3
23100
1
23112
2
23121
0
23150
1
23152
3
23182
0
23200
1
23213
3
23221
2
23249
0
23250
1
23271
3
23300
1
23300
3
23312
2
23321
0
23350
1
23352
3
23383
0
23400
1
23414
3
23421
2
23450
0
23450
1
23471
3
23500
3
23500
1
23512
2
23521
0
23550
1
23552
3
23584
0
23600
1
23615
3
23621
2
23650
1
23650
3
23662
0
23700
1
23700
3
23712
2
23721
0
23750
1
23752
3
23785
0
23800
1
23816
3
23821
2
23850
3
23850
1
23862
0
23900
3
23900
1
23912
2
23921
0
23950
1
23952
3
23986
0
24000
1
24017
3
24021
2
24029
4
24050
3
24050
1
24062
0
24100
3
24100
1
24112
2
24121
0
24150
1
24152
3
24187
0
24200
1
24218
3
24221
2
24250
1
24250
3
24262
0
24300
1
24300
3
24312
2
24321
0
24350
1
24352
3
24388
0
24400
1
24419
3
24421
2
24450
1
24450
3
24462
0
24500
1
24500
3
24512
2
24522
0
24550
1
24553
3
24589
0
24600
1
24620
3
24621
2
24650
1
24650
3
24662
0
24700
1
24700
3
24712
2
24723
0
24750
1
24754
3
24790
0
24800
1
24821
2
24821
3
24850
1
24850
3
24862
0
24900
1
24900
3
24912
2
24924
0
24950
1
24955
3
24991
0
25000
1
25021
3
25022
2
25033
4
25050
3
25050
1
25062
0
25100
3
25100
1
25112
2
25125
0
25150
1
25156
3
25192
0
25200
1
25221
3
25223
2
25250
1
25250
3
25262
0
25300
1
25300
3
25312
2
25326
0
25350
1
25357
3
25393
0
25400
1
25421
3
25424
2
25450
1
25450
3
25462
0
25500
3
25500
1
25512
2
25527
0
25550
1
25558
3
25594
0
25600
1
25621
3
25625
2
25650
3
25650
1
25662
0
25700
3
25700
1
25712
2
25728
0
25750
1
25759
3
25795
0
25800
1
25821
3
25826
2
25850
1
25850
3
25862
0
25900
1
25900
3
25912
2
25929
0
25950
1
25960
3
25996
0
26000
1
26021
3
26027
2
26033
4
26050
3
26050
1
26063
0
26100
3
26100
1
26112
2
26130
0
26150
1
26161
3
26197
0
26200
1
26221
3
26228
2
26250
3
26250
1
26264
0
26300
3
26300
1
26312
2
26331
0
26350
1
26362
3
26398
0
26400
1
26421
3
26429
2
26450
1
26450
3
26465
0
26500
1
26500
3
26512
2
26532
0
26550
1
26563
3
26599
0
26600
1
26621
3
26630
2
26650
3
26650
1
26666
0
26700
3
26700
1
26712
2
26733
0
26750
1
26764
3
26800
1
26800
0
26821
3
26831
2
26850
1
26850
3
26867
0
26900
3
26900
1
26912
2
26934
0
26950
1
26965
3
27000
3
27000
1
27012
0
27021
2
27033
4
27050
3
27050
1
27068
0
27100
1
27100
3
27112
2
27135
0
27150
1
27166
3
27200
1
27200
3
27212
0
27221
2
27250
1
27250
3
27269
0
27300
1
27300
3
27312
2
27336
0
27350
1
27367
3
27400
1
27400
3
27412
0
27421
2
27450
3
27450
1
27470
0
27500
1
27501
3
27513
2
27537
0
27550
1
27568
3
27600
1
27600
3
27612
0
27621
2
27650
3
27650
1
27671
0
27700
1
27702
3
27714
2
27738
0
27750
1
27769
3
27800
3
27800
1
27812
0
27821
2
27850
1
27850
3
27872
0
27900
1
27903
3
27915
2
27939
0
27950
1
27970
3
28000
3
28000
1
28012
0
28021
2
28033
4
28050
1
28050
3
28073
0
28100
1
28104
3
28116
2
28140
0
28150
1
28171
3
28200
3
28200
1
28212
0
28221
2
28250
3
28250
1
28274
0
28300
1
28305
3
28317
2
28341
0
28350
1
28371
3
28400
1
28400
3
28412
0
28421
2
28450
1
28450
3
28475
0
28500
1
28506
3
28518
2
28542
0
28550
1
28571
3
28600
3
28600
1
28612
0
28621
2
28650
1
28650
3
28676
0
28700
1
28707
3
28719
2
28743
0
28750
1
28771
3
28800
3
28800
1
28812
0
28821
2
28850
3
28850
1
28877
0
28900
1
28908
3
28920
2
28944
0
28950
1
28971
3
29000
1
29000
3
29012
0
29021
2
29033
4
29050
1
29050
3
29078
0
29100
1
29109
3
29121
2
29145
0
29150
1
29171
3
29200
1
29200
3
29212
0
29221
2
29250
1
29250
3
29279
0
29300
1
29310
3
29321
2
29346
0
29350
1
29371
3
29400
1
29400
3
29412
2
29421
0
29450
1
29452
3
29480
0
29500
1
29511
3
29521
2
29547
0
29550
1
29571
3
29600
1
29600
3
29612
2
29621
0
29650
1
29652
3
29681
0
29700
1
29712
3
29721
2
29748
0
29750
1
29771
3
29800
3
29800
1
29812
2
29821
0
29850
1
29852
3
29882
0
29900
1
29913
3
29921
2
29949
0
29950
1
29971
3
30000
3
30000
1
30012
2
30021
0
30024
4
30050
1
30052
3
30083
0
30100
1
30114
3
30121
2
30150
1
30150
0
30171
3
30200
1
30200
3
30212
2
30221
0
30250
1
30252
3
30284
0
30300
1
30315
3
30321
2
30350
3
30350
1
30362
0
30400
3
30400
1
30412
2
30421
0
30450
1
30452
3
30485
0
30500
1
30516
3
30521
2
30550
1
30550
3
30562
0
30600
1
30600
3
30612
2
30621
0
30650
1
30652
3
30686
0
30700
1
30717
3
30721
2
30750
1
30750
3
30762
0
30800
1
30800
3
30812
2
30821
0
30850
1
30852
3
30887
0
30900
1
30918
3
30921
2
30950
1
30950
3
30962
0
31000
1
31000
3
31012
2
31021
0
31024
4
31050
1
31052
3
31088
0
31100
1
31119
3
31121
2
31150
3
31150
1
31162
0
31200
1
31200
3
31212
2
31222
0
31250
1
31253
3
31289
0
31300
1
31320
3
31321
2
31350
1
31350
3
31362
0
31400
1
31400
3
31412
2
31423
0
31450
1
31454
3
31490
0
31500
1
31521
2
31521
3
31550
1
31550
3
31562
0
31600
1
31600
3
31612
2
31624
0
31650
1
31655
3
31691
0
31700
1
31721
3
31722
2
31750
3
31750
1
31762
0
31800
1
31800
3
31812
2
31825
0
31850
1
31856
3
31892
0
31900
1
31921
3
31923
2
31950
1
31950
3
31962
0
32000
1
32000
3
32012
2
32021
4
32026
0
32050
1
32057
3
32093
0
32100
1
32121
3
32124
2
32150
3
32150
1
32162
0
32200
3
32200
1
32212
2
32227
0
32250
1
32258
3
32294
0
32300
1
32321
3
32325
2
32350
1
32350
3
32362
0
32400
1
32400
3
32412
2
32428
0
32450
1
32459
3
32495
0
32500
1
32521
3
32526
2
32550
3
32550
1
32562
0
32600
3
32600
1
32612
2
32629
0
32650
1
32660
3
32696
0
32700
1
32721
3
32727
2
32750
1
32750
3
32763
0
32800
3
32800
1
32812
2
32830
0
32850
1
32861
3
32897
0
32900
1
32921
3
32928
2
32950
3
32950
1
32964
0
33000
1
33000
3
33012
2
33021
4
33031
0
33050
1
33062
3
33098
0
33100
1
33121
3
33129
2
33150
1
33150
3
33165
0
33200
3
33200
1
33212
2
33232
0
33250
1
33263
3
33299
0
33300
1
33321
3
33330
2
33350
3
33350
1
33366
0
33400
3
33400
1
33412
2
33433
0
33450
1
33464
3
33500
0
33500
1
33521
3
33531
2
33550
3
33550
1
33567
0
33600
3
33600
1
33612
2
33634
0
33650
1
33665
3
33700
3
33700
1
33712
0
33721
2
33750
1
33750
3
33768
0
33800
1
33800
3
33812
2
33835
0
33850
1
33866
3
33900
1
33900
3
33912
0
33921
2
33950
1
33950
3
33969
0
34000
3
34000
1
34012
2
34021
4
34036
0
34050
1
34067
3
34100
3
34100
1
34112
0
34121
2
34150
3
34150
1
34170
0
34200
1
34201
3
34213
2
34237
0
34250
1
34268
3
34300
1
34300
3
34312
0
34321
2
34350
3
34350
1
34371
0
34400
1
34402
3
34414
2
34438
0
34450
1
34469
3
34500
3
34500
1
34512
0
34521
2
34550
1
34550
3
34572
0
34600
1
34603
3
34615
2
34639
0
34650
1
34670
3
34700
3
34700
1
34712
0
34721
2
34750
3
34750
1
34773
0
34800
1
34804
3
34816
2
34840
0
34850
1
34871
3
34900
1
34900
3
34912
0
34921
2
34950
1
34950
3
34974
0
35000
1
35005
3
35017
2
35021
4
35041
0
35050
1
35071
3
35100
1
35100
3
35112
0
35121
2
35150
1
35150
3
35175
0
35200
1
35206
3
35218
2
35242
0
35250
1
35271
3
35300
1
35300
3
35312
0
35321
2
35350
3
35350
1
35376
0
35400
1
35407
3
35419
2
35443
0
35450
1
35471
3
35500
3
35500
1
35512
0
35521
2
35550
3
35550
1
35577
0
35600
1
35608
3
35620
2
35644
0
35650
1
35671
3
35700
1
35700
3
35712
0
35721
2
35750
1
35750
3
35778
0
35800
1
35809
3
35821
2
35845
0
35850
1
35871
3
35900
1
35900
3
35912
0
35921
2
35950
3
35950
1
35979
0
36000
1
36010
3
36021
2
36022
4
36046
0
36050
1
36071
3
36100
3
36100
1
36112
2
36121
0
36150
1
36152
3
36180
0
36200
1
36211
3
36221
2
36247
0
36250
1
36271
3
36300
1
36300
3
36312
2
36321
0
36350
1
36352
3
36381
0
36400
1
36412
3
36421
2
36448
0
36450
1
36471
3
36500
1
36500
3
36512
2
36521
0
36550
1
36552
3
36582
0
36600
1
36613
3
36621
2
36649
0
36650
1
36671
3
36700
3
36700
1
36712
2
36721
0
36750
1
36752
3
36783
0
36800
1
36814
3
36821
2
36850
0
36850
1
36871
3
36900
1
36900
3
36912
2
36921
0
36950
1
36952
3
36984
0
37000
1
37015
3
37021
2
37027
4
37050
1
37050
3
37062
0
37100
3
37100
1
37112
2
37121
0
37150
1
37152
3
37185
0
37200
1
37216
3
37221
2
37250
3
37250
1
37262
0
37300
1
37300
3
37312
2
37321
0
37350
1
37352
3
37386
0
37400
1
37417
3
37421
2
37450
1
37450
3
37462
0
37500
1
37500
3
37512
2
37521
0
37550
1
37552
3
37587
0
37600
1
37618
3
37621
2
37650
1
37650
3
37662
0
37700
1
37700
3
37712
2
37721
0
37750
1
37752
3
37788
0
37800
1
37819
3
37821
2
37850
1
37850
3
37862
0
37900
1
37900
3
37912
2
37922
0
37950
1
37953
3
37989
0
38000
1
38020
3
38021
2
38032
4
38050
3
38050
1
38062
0
38100
3
38100
1
38112
2
38123
0
38150
1
38154
3
38190
0
38200
1
38221
3
38221
2
38250
3
38250
1
38262
0
38300
3
38300
1
38312
2
38324
0
38350
1
38355
3
38391
0
38400
1
38421
3
38422
2
38450
1
38450
3
38462
0
38500
1
38500
3
38512
2
38525
0
38550
1
38556
3
38592
0
38600
1
38621
3
38623
2
38650
1
38650
3
38662
0
38700
3
38700
1
38712
2
38726
0
38750
1
38757
3
38793
0
38800
1
38821
3
38824
2
38850
1
38850
3
38862
0
38900
3
38900
1
38912
2
38927
0
38950
1
38958
3
38994
0
39000
1
39021
3
39025
2
39033
4
39050
1
39050
3
39062
0
39100
1
39100
3
39112
2
39128
0
39150
1
39159
3
39195
0
39200
1
39221
3
39226
2
39250
3
39250
1
39262
0
39300
3
39300
1
39312
2
39329
0
39350
1
39360
3
39396
0
39400
1
39421
3
39427
2
39450
3
39450
1
39463
0
39500
3
39500
1
39512
2
39530
0
39550
1
39561
3
39597
0
39600
1
39621
3
39628
2
39650
3
39650
1
39664
0
39700
1
39700
3
39712
2
39731
0
39750
1
39762
3
39798
0
39800
1
39821
3
39829
2
39850
3
39850
1
39865
0
39900
3
39900
1
39912
2
39932
0
39950
1
39963
3
39999
0
40000
1
40021
3
40030
2
40033
4
40050
3
40050
1
40066
0
40100
3
40100
1
40112
2
40133
0
40150
1
40164
3
40200
0
40200
1
40221
3
40231
2
40250
1
40250
3
40267
0
40300
1
40300
3
40312
2
40334
0
40350
1
40365
3
40400
1
40400
3
40412
0
40421
2
40450
3
40450
1
40468
0
40500
3
40500
1
40512
2
40535
0
40550
1
40566
3
40600
1
40600
3
40612
0
40621
2
40650
3
40650
1
40669
0
40700
3
40700
1
40712
2
40736
0
40750
1
40767
3
40800
1
40800
3
40812
0
40821
2
40850
3
40850
1
40870
0
40900
1
40901
3
40913
2
40937
0
40950
1
40968
3
41000
3
41000
1
41012
0
41021
2
41033
4
41050
1
41050
3
41071
0
41100
1
41102
3
41114
2
41138
0
41150
1
41169
3
41200
1
41200
3
41212
0
41221
2
41250
3
41250
1
41272
0
41300
1
41303
3
41315
2
41339
0
41350
1
41370
3
41400
1
41400
3
41412
0
41421
2
41450
3
41450
1
41473
0
41500
1
41504
3
41516
2
41540
0
41550
1
41571
3
41600
1
41600
3
41612
0
41621
2
41650
3
41650
1
41674
0
41700
1
41705
3
41717
2
41741
0
41750
1
41771
3
41800
3
41800
1
41812
0
41821
2
41850
3
41850
1
41875
0
41900
1
41906
3
41918
2
41942
0
41950
1
41971
3
42000
1
42000
3
42012
0
42021
2
42033
4
42050
1
42050
3
42076
0
42100
1
42107
3
42119
2
42143
0
42150
1
42171
3
42200
3
42200
1
42212
0
42221
2
42250
3
42250
1
42277
0
42300
1
42308
3
42320
2
42344
0
42350
1
42371
3
42400
1
42400
3
42412
0
42421
2
42450
3
42450
1
42478
0
42500
1
42509
3
42521
2
42545
0
42550
1
42571
3
42600
3
42600
1
42612
0
42621
2
42650
1
42650
3
42679
0
42700
1
42710
3
42721
2
42746
0
42750
1
42771
3
42800
1
42800
3
42812
2
42821
0
42850
1
42852
3
42880
0
42900
1
42911
3
42921
2
42947
0
42950
1
42971
3
43000
3
43000
1
43012
2
43021
0
43024
4
43050
1
43052
3
43081
0
43100
1
43112
3
43121
2
43148
0
43150
1
43171
3
43200
1
43200
3
43212
2
43221
0
43250
1
43252
3
43282
0
43300
1
43313
3
43321
2
43349
0
43350
1
43371
3
43400
1
43400
3
43412
2
43421
0
43450
1
43452
3
43483
0
43500
1
43514
3
43521
2
43550
1
43550
0
43571
3
43600
3
43600
1
43612
2
43621
0
43650
1
43652
3
43684
0
43700
1
43715
3
43721
2
43750
3
43750
1
43762
0
43800
1
43800
3
43812
2
43821
0
43850
1
43852
3
43885
0
43900
1
43916
3
43921
2
43950
3
43950
1
43962
0
44000
3
44000
1
44012
2
44021
0
44024
4
44050
1
44052
3
44086
0
44100
1
44117
3
44121
2
44150
1
44150
3
44162
0
44200
1
44200
3
44212
2
44221
0
44250
1
44252
3
44287
0
44300
1
44318
3
44321
2
44350
3
44350
1
44362
0
44400
3
44400
1
44412
2
44421
0
44450
1
44452
3
44488
0
44500
1
44519
3
44521
2
44550
3
44550
1
44562
0
44600
3
44600
1
44612
2
44622
0
44650
1
44653
3
44689
0
44700
1
44720
3
44721
2
44750
1
44750
3
44762
0
44800
3
44800
1
44812
2
44823
0
44850
1
44854
3
44890
0
44900
1
44921
3
44921
2
44950
3
44950
1
44962
0
45000
3
45000
1
45012
2
45021
4
45024
0
45050
1
45055
3
45091
0
45100
1
45121
3
45122
2
45150
1
45150
3
45162
0
45200
1
45200
3
45212
2
45225
0
45250
1
45256
3
45292
0
45300
1
45321
3
45323
2
45350
1
45350
3
45362
0
45400
3
45400
1
45412
2
45426
0
45450
1
45457
3
45493
0
45500
1
45521
3
45524
2
45550
3
45550
1
45562
0
45600
3
45600
1
45612
2
45627
0
45650
1
45658
3
45694
0
45700
1
45721
3
45725
2
45750
3
45750
1
45762
0
45800
3
45800
1
45812
2
45828
0
45850
1
45859
3
45895
0
45900
1
45921
3
45926
2
45950
1
45950
3
45962
0
46000
3
46000
1
46012
2
46021
4
46029
0
46050
1
46060
3
46096
0
46100
1
46121
3
46127
2
46150
1
46150
3
46163
0
46200
1
46200
3
46212
2
46230
0
46250
1
46261
3
46297
0
46300
1
46321
3
46328
2
46350
3
46350
1
46364
0
46400
1
46400
3
46412
2
46431
0
46450
1
46462
3
46498
0
46500
1
46521
3
46529
2
46550
1
46550
3
46565
0
46600
3
46600
1
46612
2
46632
0
46650
1
46663
3
46699
0
46700
1
46721
3
46730
2
46750
1
46750
3
46766
0
46800
1
46800
3
46812
2
46833
0
46850
1
46864
3
46900
1
46900
0
46921
3
46931
2
46950
1
46950
3
46967
0
47000
3
47000
1
47012
2
47021
4
47034
0
47050
1
47065
3
47100
1
47100
3
47112
0
47121
2
47150
1
47150
3
47168
0
47200
3
47200
1
47212
2
47235
0
47250
1
47266
3
47300
3
47300
1
47312
0
47321
2
47350
3
47350
1
47369
0
47400
3
47400
1
47412
2
47436
0
47450
1
47467
3
47500
3
47500
1
47512
0
47521
2
47550
3
47550
1
47570
0
47600
1
47601
3
47613
2
47637
0
47650
1
47668
3
47700
3
47700
1
47712
0
47721
2
47750
1
47750
3
47771
0
47800
1
47802
3
47814
2
47838
0
47850
1
47869
3
47900
1
47900
3
47912
0
47921
2
47950
3
47950
1
47972
0
48000
1
48003
3
48015
2
48021
4
48039
0
48050
1
48070
3
48100
1
48100
3
48112
0
48121
2
48150
3
48150
1
48173
0
48200
1
48204
3
48216
2
48240
0
48250
1
48271
3
48300
3
48300
1
48312
0
48321
2
48350
3
48350
1
48374
0
48400
1
48405
3
48417
2
48441
0
48450
1
48471
3
48500
3
48500
1
48512
0
48521
2
48550
3
48550
1
48575
0
48600
1
48606
3
48618
2
48642
0
48650
1
48671
3
48700
3
48700
1
48712
0
48721
2
48750
1
48750
3
48776
0
48800
1
48807
3
48819
2
48843
0
48850
1
48871
3
48900
1
48900
3
48912
0
48921
2
48950
1
48950
3
48977
0
49000
1
49008
3
49020
2
49021
4
49044
0
49050
1
49071
3
49100
1
49100
3
49112
0
49121
2
49150
3
49150
1
49178
0
49200
1
49209
3
49221
2
49245
0
49250
1
49271
3
49300
1
49300
3
49312
0
49321
2
49350
3
49350
1
49379
0
49400
1
49410
3
49421
2
49446
0
49450
1
49471
3
49500
1
49500
3
49512
2
49521
0
49550
1
49552
3
49580
0
49600
1
49611
3
49621
2
49647
0
49650
1
49671
3
49700
3
49700
1
49712
2
49721
0
49750
1
49752
3
49781
0
49800
1
49812
3
49821
2
49848
0
49850
1
49871
3
49900
3
49900
1
49912
2
49921
0
49950
1
49952
3
49982
0
50000
1
50013
3
50021
2
50025
4
50049
0
50050
1
50071
3
50100
1
50100
3
50112
2
50121
0
50150
1
50152
3
50183
0
50200
1
50214
3
50221
2
50250
1
50250
0
50271
3
50300
1
50300
3
50312
2
50321
0
50350
1
50352
3
50384
0
50400
1
50415
3
50421
2
50450
1
50450
3
50462
0
50500
3
50500
1
50512
2
50521
0
50550
1
50552
3
50585
0
50600
1
50616
3
50621
2
50650
1
50650
3
50662
0
50700
3
50700
1
50712
2
50721
0
50750
1
50752
3
50786
0
50800
1
50817
3
50821
2
50850
3
50850
1
50862
0
50900
1
50900
3
50912
2
50921
0
50950
1
50952
3
50987
0
51000
1
51018
3
51021
2
51030
4
51050
3
51050
1
51062
0
51100
3
51100
1
51112
2
51121
0
51150
1
51152
3
51188
0
51200
1
51219
3
51221
2
51250
1
51250
3
51262
0
51300
3
51300
1
51312
2
51322
0
51350
1
51353
3
51389
0
51400
1
51420
3
51421
2
51450
1
51450
3
51462
0
51500
3
51500
1
51512
2
51523
0
51550
1
51554
3
51590
0
51600
1
51621
3
51621
2
51650
1
51650
3
51662
0
51700
1
51700
3
51712
2
51724
0
51750
1
51755
3
51791
0
51800
1
51821
3
51822
2
51850
1
51850
3
51862
0
51900
3
51900
1
51912
2
51925
0
51950
1
51956
3
51992
0
52000
1
52021
3
52023
2
52033
4
52050
1
52050
3
52062
0
52100
1
52100
3
52112
2
52126
0
52150
1
52157
3
52193
0
52200
1
52221
3
52224
2
52250
1
52250
3
52262
0
52300
3
52300
1
52312
2
52327
0
52350
1
52358
3
52394
0
52400
1
52421
3
52425
2
52450
1
52450
3
52462
0
52500
1
52500
3
52512
2
52528
0
52550
1
52559
3
52595
0
52600
1
52621
3
52626
2
52650
3
52650
1
52662
0
52700
3
52700
1
52712
2
52729
0
52750
1
52760
3
52796
0
52800
1
52821
3
52827
2
52850
1
52850
3
52863
0
52900
3
52900
1
52912
2
52930
0
52950
1
52961
3
52997
0
53000
1
53021
3
53028
2
53033
4
53050
3
53050
1
53064
0
53100
3
53100
1
53112
2
53131
0
53150
1
53162
3
53198
0
53200
1
53221
3
53229
2
53250
1
53250
3
53265
0
53300
3
53300
1
53312
2
53332
0
53350
1
53363
3
53399
0
53400
1
53421
3
53430
2
53450
3
53450
1
53466
0
53500
3
53500
1
53512
2
53533
0
53550
1
53564
3
53600
1
53600
0
53621
3
53631
2
53650
1
53650
3
53667
0
53700
3
53700
1
53712
2
53734
0
53750
1
53765
3
53800
1
53800
3
53812
0
53821
2
53850
1
53850
3
53868
0
53900
3
53900
1
53912
2
53935
0
53950
1
53966
3
54000
1
54000
3
54012
0
54021
2
54033
4
54050
3
54050
1
54069
0
54100
3
54100
1
54112
2
54136
0
54150
1
54167
3
54200
3
54200
1
54212
0
54221
2
54250
1
54250
3
54270
0
54300
1
54301
3
54313
2
54337
0
54350
1
54368
3
54400
1
54400
3
54412
0
54421
2
54450
3
54450
1
54471
0
54500
1
54502
3
54514
2
54538
0
54550
1
54569
3
54600
3
54600
1
54612
0
54621
2
54650
3
54650
1
54672
0
54700
1
54703
3
54715
2
54739
0
54750
1
54770
3
54800
1
54800
3
54812
0
54821
2
54850
1
54850
3
54873
0
54900
1
54904
3
54916
2
54940
0
54950
1
54971
3
55000
1
55000
3
55012
0
55021
2
55033
4
55050
1
55050
3
55074
0
55100
1
55105
3
55117
2
55141
0
55150
1
55171
3
55200
1
55200
3
55212
0
55221
2
55250
1
55250
3
55275
0
55300
1
55306
3
55318
2
55342
0
55350
1
55371
3
55400
3
55400
1
55412
0
55421
2
55450
3
55450
1
55476
0
55500
1
55507
3
55519
2
55543
0
55550
1
55571
3
55600
1
55600
3
55612
0
55621
2
55650
1
55650
3
55677
0
55700
1
55708
3
55720
2
55744
0
55750
1
55771
3
55800
3
55800
1
55812
0
55821
2
55850
3
55850
1
55878
0
55900
1
55909
3
55921
2
55945
0
55950
1
55971
3
56000
3
56000
1
56012
0
56021
2
56033
4
56050
3
56050
1
56079
0
56100
1
56110
3
56121
2
56146
0
56150
1
56171
3
56200
1
56200
3
56212
2
56221
0
56250
1
56252
3
56280
0
56300
1
56311
3
56321
2
56347
0
56350
1
56371
3
56400
1
56400
3
56412
2
56421
0
56450
1
56452
3
56481
0
56500
1
56512
3
56521
2
56548
0
56550
1
56571
3
56600
1
56600
3
56612
2
56621
0
56650
1
56652
3
56682
0
56700
1
56713
3
56721
2
56749
0
56750
1
56771
3
56800
1
56800
3
56812
2
56821
0
56850
1
56852
3
56883
0
56900
1
56914
3
56921
2
56950
1
56950
0
56971
3
57000
3
57000
1
57012
2
57021
0
57024
4
57050
1
57052
3
57084
0
57100
1
57115
3
57121
2
57150
1
57150
3
57162
0
57200
3
57200
1
57212
2
57221
0
57250
1
57252
3
57285
0
57300
1
57316
3
57321
2
57350
1
57350
3
57362
0
57400
1
57400
3
57412
2
57421
0
57450
1
57452
3
57486
0
57500
1
57517
3
57521
2
57550
1
57550
3
57562
0
57600
1
57600
3
57612
2
57621
0
57650
1
57652
3
57687
0
57700
1
57718
3
57721
2
57750
3
57750
1
57762
0
57800
3
57800
1
57812
2
57821
0
57850
1
57852
3
57888
0
57900
1
57919
3
57921
2
57950
1
57950
3
57962
0
58000
1
58000
3
58012
2
58021
4
58024
0
58050
1
58055
3
58089
0
58100
1
58120
3
58121
2
58150
1
58150
3
58162
0
58200
1
58200
3
58212
2
58223
0
58250
1
58254
3
58290
0
58300
1
58321
2
58321
3
58350
3
58350
1
58362
0
58400
3
58400
1
58412
2
58424
0
58450
1
58455
3
58491
0
58500
1
58521
3
58522
2
58550
3
58550
1
58562
0
58600
1
58600
3
58612
2
58625
0
58650
1
58656
3
58692
0
58700
1
58721
3
58723
2
58750
3
58750
1
58762
0
58800
3
58800
1
58812
2
58826
0
58850
1
58857
3
58893
0
58900
1
58921
3
58924
2
58950
1
58950
3
58962
0
59000
1
59000
3
59012
2
59021
4
59027
0
59050
1
59058
3
59094
0
59100
1
59121
3
59125
2
59150
1
59150
3
59162
0
59200
1
59200
3
59212
2
59228
0
59250
1
59259
3
59295
0
59300
1
59321
3
59326
2
59350
1
59350
3
59362
0
59400
3
59400
1
59412
2
59429
0
59450
1
59460
3
59496
0
59500
1
59521
3
59527
2
59550
3
59550
1
59563
0
59600
1
59600
3
59612
2
59630
0
59650
1
59661
3
59697
0
59700
1
59721
3
59728
2
59750
3
59750
1
59764
0
59800
3
59800
1
59812
2
59831
0
59850
1
59862
3
59898
0
59900
1
59921
3
59929
2
59950
1
59950
3
59965
0
60000
3
60000
1
60012
2
60021
4
60032
0
60050
1
60063
3
60099
0
60100
1
60121
3
60130
2
60150
3
60150
1
60166
0
60200
1
60200
3
60212
2
60233
0
60250
1
60264
3
60300
1
60300
0
60321
3
60331
2
60350
3
60350
1
60367
0
60400
3
60400
1
60412
2
60434
0
60450
1
60465
3
60500
1
60500
3
60512
0
60521
2
60550
3
60550
1
60568
0
60600
3
60600
1
60612
2
60635
0
60650
1
60666
3
60700
3
60700
1
60712
0
60721
2
60750
1
60750
3
60769
0
60800
3
60800
1
60812
2
60836
0
60850
1
60867
3
60900
3
60900
1
60912
0
60921
2
60950
3
60950
1
60970
0
61000
1
61001
3
61013
2
61021
4
61037
0
61050
1
61068
3
61100
1
61100
3
61112
0
61121
2
61150
3
61150
1
61171
0
61200
1
61202
3
61214
2
61238
0
61250
1
61269
3
61300
3
61300
1
61312
0
61321
2
61350
3
61350
1
61372
0
61400
1
61403
3
61415
2
61439
0
61450
1
61470
3
61500
1
61500
3
61512
0
61521
2
61550
3
61550
1
61573
0
61600
1
61604
3
61616
2
61640
0
61650
1
61671
3
61700
1
61700
3
61712
0
61721
2
61750
1
61750
3
61774
0
61800
1
61805
3
61817
2
61841
0
61850
1
61871
3
61900
3
61900
1
61912
0
61921
2
61950
3
61950
1
61975
0
62000
1
62006
3
62018
2
62021
4
62042
0
62050
1
62071
3
62100
1
62100
3
62112
0
62121
2
62150
1
62150
3
62176
0
62200
1
62207
3
62219
2
62243
0
62250
1
62271
3
62300
1
62300
3
62312
0
62321
2
62350
1
62350
3
62377
0
62400
1
62408
3
62420
2
62444
0
62450
1
62471
3
62500
1
62500
3
62512
0
62521
2
62550
1
62550
3
62578
0
62600
1
62609
3
62621
2
62645
0
62650
1
62671
3
62700
3
62700
1
62712
0
62721
2
62750
1
62750
3
62779
0
62800
1
62810
3
62821
2
62846
0
62850
1
62871
3
62900
1
62900
3
62912
2
62921
0
62950
1
62952
3
62980
0
63000
1
63011
3
63021
2
63023
4
63047
0
63050
1
63071
3
63100
3
63100
1
63112
2
63121
0
63150
1
63152
3
63181
0
63200
1
63212
3
63221
2
63248
0
63250
1
63271
3
63300
1
63300
3
63312
2
63321
0
63350
1
63352
3
63382
0
63400
1
63413
3
63421
2
63449
0
63450
1
63471
3
63500
1
63500
3
63512
2
63521
0
63550
1
63552
3
63583
0
63600
1
63614
3
63621
2
63650
1
63650
0
63671
3
63700
1
63700
3
63712
2
63721
0
63750
1
63752
3
63784
0
63800
1
63815
3
63821
2
63850
3
63850
1
63862
0
63900
3
63900
1
63912
2
63921
0
63950
1
63952
3
63985
0
64000
1
64016
3
64021
2
64028
4
64050
1
64050
3
64062
0
64100
1
64100
3
64112
2
64121
0
64150
1
64152
3
64186
0
64200
1
64217
3
64221
2
64250
3
64250
1
64262
0
64300
1
64300
3
64312
2
64321
0
64350
1
64352
3
64387
0
64400
1
64418
3
64421
2
64450
3
64450
1
64462
0
64500
3
64500
1
64512
2
64521
0
64550
1
64552
3
64588
0
64600
1
64619
3
64621
2
64650
1
64650
3
64662
0
64700
3
64700
1
64712
2
64722
0
64750
1
64753
3
64789
0
64800
1
64820
3
64821
2
64850
1
64850
3
64862
0
64900
3
64900
1
64912
2
64923
0
64950
1
64954
3
64990
0
65000
1
65021
3
65021
2
65033
4
65050
3
65050
1
65062
0
65100
3
65100
1
65112
2
65124
0
65150
1
65155
3
65191
0
65200
1
65221
3
65222
2
65250
1
65250
3
65262
0
65300
1
65300
3
65312
2
65325
0
65350
1
65356
3
65392
0
65400
1
65421
3
65423
2
65450
1
65450
3
65462
0
65500
1
65500
3
65512
2
65526
0
65550
1
65557
3
65593
0
65600
1
65621
3
65624
2
65650
1
65650
3
65662
0
65700
1
65700
3
65712
2
65727
0
65750
1
65758
3
65794
0
65800
1
65821
3
65825
2
65850
1
65850
3
65862
0
65900
1
65900
3
65912
2
65928
0
65950
1
65959
3
65995
0
66000
1
66021
3
66026
2
66033
4
66050
1
66050
3
66062
0
66100
3
66100
1
66112
2
66129
0
66150
1
66160
3
66196
0
66200
1
66221
3
66227
2
66250
1
66250
3
66263
0
66300
3
66300
1
66312
2
66330
0
66350
1
66361
3
66397
0
66400
1
66421
3
66428
2
66450
3
66450
1
66464
0
66500
1
66500
3
66512
2
66531
0
66550
1
66562
3
66598
0
66600
1
66621
3
66629
2
66650
1
66650
3
66665
0
66700
1
66700
3
66712
2
66732
0
66750
1
66763
3
66799
0
66800
1
66821
3
66830
2
66850
1
66850
3
66866
0
66900
3
66900
1
66912
2
66933
0
66950
1
66964
3
