<<<<<<< HEAD
0.0200066
0.00104646
0.0435928
0.0351715
0.0704701
0.18951
0.101875
0.998774
0.140619
2.60095
0.177729
5.88278
9.5944e-05
0.21829
0.0720325
0.000313086
9.5406e-05
9.682e-05
9.105e-05
0.00029782
0.00029908
0.000289438
0.000296786
0.000361682
0.00010931
0.000106428
0.000211784
0.000225202
0.00193994
0.00198636
0.000679008
0.00191646
0.00192769
0.00188978
0.00189388
0.00190143
0.000695716
0.00069729
0.776794
0.000692548
0.000693166
0.000693042
0.000689922
0.000703252
0.0007538
0.00068941
0.00058018
0.00086963
0.00079028
0.00079092
0.00064568
0.00071038
0.0008277
0.00078143
0.00069167
0.00063905
0.00076674
0.00083995
0.00080169
9.55248
0.00078042
0.000187786
0.126603
0.000187376
0.0001873
0.371408
=======
0.58856
12.8783
0.74717
23.4501
0.954902
37.4983
>>>>>>> c22eb3e4cc22a0a2959a6b691642fe15d52ef0ac
0.000201815
0.13726
0.000228803
0.186077
0.000194705
0.299953
0.000208746
0.272227
0.0394685
0.127056
0.127951
0.114461
0.181506
0.178328
0.149438
0.0968725
0.0409394
0.0245199
0.0607826
0.301684
0.00654402
0.00551083
0.00544136
0.00557128
0.00622209
0.103099
0.0396896
3.5524e-05
0.0112324
3.6964e-05
4.29e-05
0.0063867
4.05e-05
0.0122871
5.29e-05
0.0470923
4.79e-05
0.141797
6.33e-05
0.0204578
5.58e-05
0.0115136
7.22e-05
0.0248685
4.07e-05
0.0614653
4.53e-05
0.0189139
3.9e-05
0.0224594
5.57e-05
0.0953959
3.6e-05
0.0678211
4.83e-05
0.0180336
5.61e-05
0.0212165
3.12e-05
0.0186532
4.06e-05
0.0737728
