<<<<<<< HEAD
0.004
0.024
0.004
0.024
0.004
0.024
0.004
0.024
0.004
0.024
0.004
0.024
0.004
0.024
0.004
0.024
0.004
0.024
0.004
0.024
0.004
0.024
0.004
0.024
0.004
0.024
0.004
0.024
0.004
0.024
0.004
0.024
=======
0
0
0.4
0.6
0.2
0.4
0
0.2
0
0
0.2
0.4
0.4
0.4
0
0.2
0.34
0.34
0.34
0.12
0
0.24
0.36
0.02
0.12
0.34
0.36
0.12
0.12
0.16
0.07
0.08
0.17
0.17
0.09
0.09
0.09
0.09
0.09
0.17
0.2
0.19
0.16
0.22
0.23
0.21
0.2
0.23
0.19
0.23
0.98
0.39
0.39
0.98
0.83
0.32
0.17
0.32
0.35
0.35
0.34
>>>>>>> 9172d902f6dd882dfda26b4ace6ae24f6fb2aa16
